0 0 1968
1 0 1330
2 1 376
3 1 3871
4 1 1508
5 2 2672
6 2 3616
7 3 64
8 3 277
9 3 3287
10 4 36
11 5 71
12 6 97
13 7 484
14 8 693
15 8 2305
16 9 3538
17 9 8
18 10 966
19 10 1720
20 11 2619
21 12 917
22 12 449
23 13 1239
24 13 1658
25 14 675
26 14 1970
27 15 1015
28 16 531
29 16 1971
30 17 1440
31 18 2874
32 18 19
33 19 82
34 20 3545
35 21 1758
36 21 2620
37 22 1719
38 23 24
39 23 967
40 24 2212
41 24 2226
42 24 749
43 25 2875
44 25 748
45 26 2399
46 26 3107
47 26 417
48 27 1823
49 28 2171
50 28 732
51 28 3264
52 29 3271
53 29 3272
54 30 2278
55 30 950
56 31 996
57 32 2797
58 32 2082
59 33 2073
60 33 2282
61 33 2782
62 34 306
63 34 191
64 35 1233
65 35 2014
66 36 3278
67 36 5
68 37 1354
69 37 3139
70 38 3131
71 38 1351
72 38 244
73 39 40
74 39 241
75 39 268
76 39 254
78 41 1257
79 41 1260
80 41 177
81 41 130
82 42 276
83 42 2998
84 42 2067
85 43 2979
86 43 42
87 44 1187
88 44 319
89 44 323
90 45 3695
91 45 2572
92 45 226
93 46 1799
94 46 1426
95 46 1848
96 47 291
97 47 1196
98 47 3712
99 48 3281
100 48 2018
101 49 70
102 49 50
103 50 51
104 51 308
105 51 52
106 52 1405
107 52 69
108 53 56
109 54 2422
110 55 2407
111 55 54
112 56 2557
113 56 79
114 57 2559
115 57 78
116 58 503
117 59 1890
118 60 704
119 61 1432
120 62 978
121 62 2146
122 63 62
123 64 3687
124 64 3296
125 64 1815
126 65 715
127 65 64
128 66 1624
129 66 1730
130 67 3780
131 67 1730
132 68 1405
133 68 69
134 69 1428
135 70 3027
136 70 299
137 71 72
138 71 2546
139 72 73
140 73 85
141 73 74
142 74 75
143 75 76
144 75 4
145 76 1222
146 76 3292
147 77 1185
148 77 53
149 78 77
150 79 55
151 80 3663
152 81 920
153 82 20
154 82 81
155 83 31
156 83 459
157 84 3168
158 84 439
159 85 121
160 85 2666
161 86 429
162 86 193
163 86 232
164 87 1339
165 87 514
166 88 58
167 89 2726
168 90 3858
169 90 1507
170 91 3017
171 91 3023
172 92 1451
173 92 640
174 93 2660
175 93 664
176 94 533
177 94 95
178 95 2576
179 95 96
181 96 631
182 96 634
183 97 94
184 98 100
185 99 97
186 100 99
187 101 1038
188 101 1677
189 102 106
190 102 2676
191 103 657
192 103 814
193 104 1613
194 104 2233
195 105 1284
196 105 3865
197 106 1165
198 106 650
199 107 103
200 107 653
201 108 3873
202 109 2677
203 109 627
204 110 635
205 111 3149
206 111 2547
207 112 1879
208 112 968
209 113 1872
210 113 2696
211 114 221
212 114 1097
213 114 3202
214 115 230
215 115 2068
216 116 1246
217 116 1715
218 117 304
219 117 1244
220 118 2460
221 118 840
222 119 1433
223 120 1868
224 120 256
225 121 2666
226 121 3162
227 122 706
228 122 1107
229 122 2666
230 123 169
231 124 2583
232 124 171
233 125 2661
234 125 1724
235 126 3767
236 127 2375
237 127 952
238 127 128
239 128 2232
240 128 684
242 129 245
243 129 1279
244 130 218
245 130 2071
247 131 268
248 131 130
249 131 177
250 132 2227
251 132 1133
252 133 701
253 133 287
254 133 137
255 134 3293
256 134 701
257 134 243
258 135 84
259 135 3159
260 136 137
263 137 297
264 138 678
265 139 2233
266 139 1613
267 140 2598
268 141 2525
269 141 3189
270 142 1199
271 142 1474
272 143 1256
273 143 1260
274 143 176
275 144 60
276 144 3652
277 145 2585
278 145 2297
279 146 111
280 146 3121
281 147 430
282 147 2990
283 148 3001
284 148 1883
285 148 1110
286 149 2542
287 149 3116
288 149 365
289 150 1304
290 150 769
291 151 1021
292 151 1307
293 151 1308
294 152 762
295 152 153
296 152 768
297 153 154
298 153 248
300 154 1044
301 154 1310
303 155 1309
304 155 763
305 156 763
306 157 248
307 157 150
308 157 707
309 158 2385
310 158 420
311 159 3518
312 159 2390
313 160 2602
314 160 3392
315 161 2900
316 162 163
317 162 699
318 163 165
319 163 2496
320 164 166
321 165 679
322 165 1837
323 166 2360
324 168 2375
325 168 812
327 169 381
328 169 170
329 170 386
330 170 2584
332 171 2584
333 171 1173
334 171 2578
335 172 2275
336 172 601
337 172 1168
338 173 1905
339 173 2289
340 173 697
341 174 2240
342 174 2234
343 174 1166
344 175 2074
345 175 2284
346 175 2303
348 176 179
349 176 1258
350 177 1262
351 177 187
354 178 183
355 178 275
356 178 131
358 179 190
359 180 184
360 180 186
361 180 182
362 181 3154
363 181 1039
364 181 1903
365 182 185
367 182 190
368 183 1263
370 183 1264
371 183 1262
373 184 1263
374 184 187
375 184 185
377 185 192
379 186 190
380 186 187
382 187 1259
386 188 280
387 188 239
388 188 3709
389 189 1266
390 189 236
391 189 192
393 190 977
395 191 1275
396 191 1516
398 192 1264
400 193 1723
401 193 1714
403 194 3285
404 194 3277
405 195 223
406 195 2992
407 196 241
408 196 2985
409 196 716
410 196 429
411 197 1176
412 197 1853
413 197 385
414 198 204
415 198 1252
416 198 1470
417 199 270
418 199 222
419 200 208
420 200 2992
421 201 239
422 201 1809
423 202 212
424 202 2070
425 203 3195
426 203 250
427 203 240
428 203 225
429 204 2978
430 204 289
431 205 1114
432 205 1243
433 206 250
434 206 287
435 206 1419
436 207 1223
437 207 269
438 207 1227
440 208 437
441 208 2989
442 209 1425
443 209 1800
444 209 46
445 210 1468
446 210 269
447 211 1175
448 211 1780
449 211 3709
450 212 115
451 212 2072
452 213 1247
453 213 257
454 213 235
455 214 267
456 214 726
457 214 669
458 215 257
459 215 1226
460 216 2845
461 217 314
462 217 1529
464 218 268
465 219 269
466 219 1095
467 219 1892
468 220 43
469 220 259
470 221 1253
471 221 2998
472 222 227
473 222 247
474 222 385
475 223 1115
476 223 285
477 224 3178
478 224 3164
479 225 279
481 225 384
482 226 3688
483 226 3696
484 226 3693
485 227 1851
487 227 272
488 228 1722
489 228 193
490 228 265
491 229 271
492 229 1189
493 229 1193
494 229 1799
495 230 202
496 230 2066
497 231 2163
498 231 843
499 231 1402
500 232 264
501 233 716
502 233 234
503 233 246
504 234 238
506 234 241
507 235 1251
508 235 1471
509 235 198
511 236 238
512 236 1401
513 237 310
514 237 1229
515 238 254
518 239 3709
520 239 1463
522 240 307
523 240 1182
527 242 3199
528 242 720
529 243 1553
531 243 3160
532 244 3130
533 244 2983
534 245 1487
535 245 330
537 245 1234
539 246 433
540 247 286
541 247 1175
543 247 1776
544 247 284
547 248 1541
548 248 1036
549 249 195
550 249 2989
553 250 727
554 250 3673
555 251 274
556 251 1251
557 252 1174
558 252 286
559 253 438
560 253 147
561 254 275
564 255 1470
565 255 210
566 256 1867
567 256 432
568 256 1620
569 257 251
571 258 3165
572 258 3171
573 259 2981
574 259 1783
575 260 3195
576 260 3194
577 261 1177
578 261 262
579 261 279
580 262 384
582 262 1853
583 263 1854
584 263 188
585 264 282
586 264 1255
587 265 86
589 266 3200
590 266 1097
591 266 1332
592 267 722
594 267 3165
597 268 275
598 269 1249
601 270 284
602 270 252
604 271 3696
605 271 1766
606 271 3287
607 272 1806
608 272 709
609 273 2985
610 273 2999
611 274 289
612 274 1252
615 275 236
617 276 2997
618 276 220
619 277 3287
620 277 715
621 278 1418
622 278 3197
623 279 1764
626 280 387
627 280 3917
628 281 1892
629 281 720
630 281 3201
632 282 1114
633 283 1248
634 283 255
635 284 286
638 285 200
640 285 2992
644 287 3178
646 287 705
648 288 1780
649 289 1439
650 289 1416
651 290 3671
652 290 727
653 290 206
655 291 306
656 291 2575
657 292 3166
658 292 258
659 293 311
660 293 313
661 293 717
662 294 315
663 294 319
664 294 314
665 295 1856
666 295 301
667 295 317
668 296 48
669 297 317
670 297 3671
672 298 1814
673 298 317
674 298 322
675 299 316
677 299 1187
678 300 1276
679 300 3937
680 301 1815
681 301 3917
683 302 3140
684 302 313
685 302 1022
686 303 3297
687 303 2625
689 304 329
690 304 324
691 305 724
692 305 722
693 305 3166
695 306 3280
697 307 1180
699 307 3196
700 308 2414
702 308 312
703 309 316
704 309 1485
705 309 3297
706 310 1180
707 310 327
710 311 1027
711 311 329
713 313 331
717 314 319
720 315 328
721 315 1486
724 316 323
728 318 322
732 320 2534
733 320 1784
734 320 3161
735 321 3282
736 321 3712
737 321 3291
740 322 1814
742 323 328
744 324 1026
745 324 3179
747 325 1793
748 325 1277
749 326 3291
750 326 1687
751 327 1820
753 327 1806
755 328 1484
759 329 1313
760 330 3937
761 330 1189
763 330 1488
765 331 3140
766 332 3250
767 332 3650
768 332 915
769 333 914
770 333 1758
771 333 3253
772 334 2154
773 334 736
774 335 2219
775 335 25
776 336 2218
777 337 3863
778 337 1141
779 337 521
780 338 515
781 338 1503
782 338 3862
783 339 340
784 339 1058
785 340 3094
786 340 1718
787 341 3095
788 341 549
789 342 1056
790 342 1822
791 343 1057
792 343 27
793 344 1821
794 345 346
795 345 3655
796 346 1729
797 346 3655
798 346 1448
799 347 1209
800 348 1271
801 349 3777
802 350 3631
803 351 30
804 351 952
805 352 3642
806 352 2730
807 352 3640
808 353 2806
809 353 1972
810 353 2844
811 354 1972
812 354 355
813 354 3214
814 355 3214
815 355 1450
816 356 2452
817 356 666
818 357 2357
819 357 2938
820 358 681
821 359 1106
822 359 366
823 360 1475
824 360 1747
825 361 639
826 362 1631
827 362 364
828 362 2690
829 363 1904
830 363 3158
832 364 2689
833 364 2693
834 365 2549
835 365 3122
836 366 1105
837 366 2545
838 367 3626
839 367 3583
840 367 3627
841 368 3059
842 368 2144
843 369 2627
844 370 3056
845 370 2621
846 371 3864
847 371 482
848 371 3577
849 372 2145
850 372 3068
851 372 846
852 373 1631
853 373 1635
854 374 3025
855 375 3051
856 375 2215
857 376 3541
858 376 1506
859 377 1591
860 377 3644
861 377 380
862 378 474
863 378 3564
864 378 1580
865 379 1067
866 379 1153
867 379 1591
868 380 3570
869 380 3584
871 381 386
872 381 1992
873 382 383
874 382 3667
875 382 3668
876 383 3672
878 383 290
880 384 3667
883 385 188
886 386 631
887 387 263
888 387 3669
889 388 2426
890 388 415
891 388 400
892 389 425
893 389 2439
894 390 908
895 390 3111
896 391 930
897 391 1377
898 392 2364
899 392 1626
900 393 2333
901 393 1830
902 393 2380
903 394 2522
904 394 3915
905 395 2611
906 395 807
907 396 3482
908 396 423
909 396 398
910 397 2382
911 397 2378
912 397 3600
913 398 3486
914 398 440
916 399 2376
917 399 3402
918 399 405
920 400 2107
921 400 413
922 400 3933
923 401 422
924 401 1698
925 401 3325
926 402 389
927 402 2103
928 403 2383
929 404 2322
930 404 3482
931 404 2428
932 405 2392
933 405 2378
934 405 3610
935 406 2393
936 406 2384
937 407 2971
938 408 3004
939 409 1835
940 410 415
941 410 2107
942 410 2392
943 411 2381
944 411 397
945 412 167
946 412 2321
947 413 3725
948 413 3926
950 414 2373
951 414 3924
952 414 3915
954 415 2376
956 416 1220
957 417 3110
958 418 2904
959 418 161
960 419 3440
961 419 3425
962 419 3316
963 420 2440
964 420 424
965 421 886
966 421 2474
968 422 3307
969 422 402
970 423 3319
971 423 2429
973 423 3934
974 424 2344
975 424 422
976 425 2335
977 425 935
978 426 2359
979 426 3599
980 427 2916
981 427 2345
982 428 2370
983 428 2438
984 428 2323
986 429 2988
988 430 1885
989 430 438
990 431 1889
991 431 3169
993 432 1887
994 432 431
995 433 719
996 433 232
997 434 1880
998 434 3157
999 435 219
1000 435 207
1001 436 3177
1002 436 135
1003 437 2991
1004 437 852
1006 438 1886
1007 438 1454
1008 439 1888
1009 439 436
1011 440 2426
1012 441 3573
1013 441 3533
1014 441 3568
1015 442 2566
1016 442 2085
1017 443 3898
1018 443 3892
1019 444 1152
1020 444 3568
1021 445 1215
1022 445 473
1023 445 3056
1024 446 2185
1025 446 3062
1026 446 471
1027 447 1625
1028 447 2864
1029 448 1412
1030 448 13
1031 449 543
1032 449 1628
1033 449 3064
1035 450 711
1036 450 3211
1037 450 3226
1038 450 714
1039 451 3215
1040 451 454
1041 452 2153
1042 452 2893
1043 453 3226
1044 453 1393
1045 453 1395
1046 454 3499
1047 454 3498
1049 454 3216
1050 455 1581
1051 455 1042
1052 456 2731
1053 456 806
1054 456 1151
1055 457 1579
1056 457 3220
1057 458 2180
1058 458 718
1059 459 1102
1060 459 460
1061 460 1117
1062 460 2386
1063 461 160
1064 461 1236
1065 462 166
1066 464 674
1067 465 682
1068 466 2499
1069 466 164
1070 467 358
1071 467 462
1072 468 2334
1073 468 2960
1074 469 680
1075 469 470
1076 470 465
1077 470 463
1078 471 3061
1079 471 472
1080 472 2164
1081 472 3047
1083 473 3057
1084 474 3572
1085 474 1578
1086 474 3565
1087 475 1290
1088 475 482
1089 475 1289
1090 476 3102
1091 477 3246
1092 477 2150
1093 478 1231
1094 479 3576
1095 479 3763
1096 480 1979
1097 480 800
1098 481 1047
1099 481 2851
1101 482 1295
1103 483 2711
1104 483 2638
1105 484 2800
1106 484 2281
1107 485 2299
1108 485 2773
1109 486 2277
1110 486 589
1111 487 484
1112 487 3941
1113 488 702
1114 488 490
1115 489 491
1116 489 2403
1117 490 708
1118 492 501
1119 492 494
1120 493 2202
1121 493 1794
1122 493 2555
1123 494 1197
1124 494 1794
1126 495 2210
1127 495 1808
1128 495 1431
1129 496 1796
1130 496 499
1131 496 3682
1132 497 1759
1133 497 1184
1134 497 1497
1135 498 754
1136 498 2558
1138 499 2558
1139 499 500
1140 500 752
1141 500 3681
1144 501 2128
1145 502 1952
1146 502 89
1147 503 1399
1148 503 1098
1149 504 2687
1150 504 364
1151 505 512
1152 506 504
1153 506 982
1154 507 2200
1155 507 2725
1156 508 1202
1157 508 512
1158 508 2197
1159 509 942
1160 509 1200
1161 509 940
1162 510 1996
1163 510 1789
1164 510 1202
1165 511 1200
1166 511 755
1167 511 1198
1170 512 2209
1171 512 943
1172 513 964
1173 513 1670
1174 513 3095
1175 514 522
1176 514 3855
1177 515 3860
1178 515 3861
1179 515 1504
1180 516 1203
1181 516 3715
1182 517 3855
1183 517 1775
1184 517 2691
1185 518 521
1186 518 3859
1187 518 3553
1188 519 3715
1189 519 1740
1190 519 767
1191 520 90
1192 520 1336
1193 520 3843
1196 521 3273
1197 522 3842
1198 522 1424
1199 523 710
1200 523 3203
1201 524 3614
1202 525 14
1203 526 2675
1204 526 1358
1205 527 525
1206 527 528
1207 528 1390
1208 529 541
1209 529 524
1210 530 1595
1211 530 1362
1212 531 540
1213 532 2686
1214 532 2663
1215 533 663
1216 533 535
1217 534 125
1218 535 534
1219 535 2661
1220 536 663
1221 536 538
1222 537 2660
1223 537 534
1224 539 528
1225 539 525
1226 540 524
1227 540 541
1228 541 539
1229 542 741
1230 542 2223
1232 543 1477
1233 544 2229
1234 544 23
1235 545 544
1236 545 966
1237 546 743
1238 546 740
1239 546 1870
1240 547 548
1241 548 1877
1242 548 1671
1243 549 963
1244 549 746
1246 550 556
1247 550 555
1248 551 566
1249 551 565
1250 551 562
1251 552 554
1252 553 560
1253 553 566
1254 553 556
1255 554 555
1256 554 560
1258 555 564
1264 557 2712
1265 557 2716
1266 557 2717
1267 558 559
1268 558 565
1272 560 563
1273 561 566
1276 564 2716
1278 564 567
1280 565 7
1285 568 573
1286 569 573
1287 569 2715
1288 570 2285
1289 570 2763
1290 571 572
1291 571 577
1296 573 576
1297 574 581
1298 574 575
1299 574 579
1301 575 580
1302 575 581
1304 576 581
1305 576 579
1306 577 582
1309 578 582
1310 579 582
1320 583 822
1321 583 2311
1322 583 2005
1323 583 2312
1324 584 2312
1325 584 2002
1326 585 875
1327 585 2710
1328 585 2640
1329 586 2280
1330 586 951
1331 587 665
1332 587 614
1333 588 602
1334 588 2682
1335 589 172
1336 590 604
1337 590 3772
1338 591 595
1339 591 662
1340 592 647
1341 592 506
1342 593 623
1343 594 600
1344 594 598
1346 595 596
1347 595 2238
1348 595 661
1350 596 603
1351 596 2273
1352 596 660
1353 597 588
1354 598 633
1355 599 2536
1356 599 988
1357 600 598
1358 600 3772
1359 601 1905
1361 601 2024
1362 601 1167
1363 602 592
1365 603 658
1366 603 2244
1367 604 587
1368 605 2679
1369 605 614
1370 605 625
1371 606 594
1372 607 2318
1373 607 2024
1374 607 1654
1375 608 3378
1376 608 3383
1377 609 2095
1378 609 1080
1379 610 2298
1380 611 3775
1381 611 606
1382 612 2261
1383 612 1238
1384 612 2589
1385 613 593
1386 613 2686
1387 614 665
1388 614 3775
1389 615 616
1390 616 645
1391 616 627
1392 617 87
1393 617 3853
1394 618 1709
1395 618 629
1396 619 651
1397 619 2683
1398 619 775
1399 619 621
1400 620 624
1401 620 3717
1402 620 3854
1403 621 2249
1404 621 690
1405 622 776
1406 622 2088
1407 622 777
1408 623 597
1409 623 643
1411 624 983
1412 625 506
1413 626 647
1414 626 648
1415 627 645
1416 628 1170
1417 628 1173
1418 628 2091
1419 629 2508
1420 630 625
1421 631 634
1424 632 2504
1425 632 2668
1426 633 639
1428 634 533
1429 635 618
1430 635 827
1431 636 2267
1432 636 2513
1433 637 597
1434 637 3774
1435 638 621
1436 638 2683
1437 639 643
1438 640 91
1439 641 642
1440 641 2657
1441 642 2539
1442 642 2291
1443 642 2588
1444 643 619
1445 644 783
1446 644 2090
1447 644 786
1448 645 2231
1449 646 636
1450 646 642
1451 647 613
1452 648 532
1453 648 2554
1454 649 2269
1455 649 612
1456 650 108
1458 651 637
1459 652 2235
1460 652 949
1461 652 110
1462 653 656
1463 653 1009
1464 654 3868
1465 655 348
1466 655 350
1467 655 1272
1468 656 655
1469 656 348
1470 657 3764
1471 658 660
1472 658 1238
1474 659 2292
1475 659 957
1476 660 661
1479 661 662
1482 662 586
1484 663 93
1485 663 2665
1486 664 815
1487 664 538
1488 665 630
1489 666 3706
1490 666 938
1491 667 3270
1492 667 29
1493 668 1143
1494 668 1940
1495 668 3593
1497 669 3199
1498 669 1761
1499 670 1761
1500 671 1761
1501 672 3850
1502 672 617
1503 673 796
1504 673 1681
1505 673 790
1506 675 2846
1507 676 1543
1508 676 2077
1509 677 2943
1510 678 677
1511 679 2501
1512 679 162
1513 680 2499
1514 680 699
1515 681 2113
1516 681 462
1517 682 463
1518 682 2959
1519 683 2338
1520 684 2246
1521 684 351
1522 685 2796
1523 685 997
1524 686 2659
1525 686 1494
1526 687 2000
1527 687 641
1528 688 991
1529 688 1495
1530 688 1493
1531 689 2537
1532 689 687
1533 690 2257
1534 690 1172
1535 691 2774
1536 691 2252
1537 692 2073
1538 692 1005
1539 692 819
1540 693 3530
1541 693 2307
1542 693 1002
1543 694 2088
1544 694 786
1545 694 785
1546 694 2089
1547 695 789
1548 695 784
1549 695 2093
1550 696 771
1551 696 779
1552 696 773
1553 697 1906
1554 697 698
1556 698 2447
1557 698 1166
1558 698 2280
1560 699 464
1561 700 35
1562 700 3595
1565 701 705
1566 702 3664
1567 702 59
1568 703 491
1569 704 703
1570 704 59
1571 705 1553
1575 706 3145
1576 706 2627
1577 707 1744
1578 707 3119
1579 708 709
1580 708 199
1581 709 489
1582 710 1417
1584 712 3212
1585 712 1408
1586 713 3299
1587 714 3035
1589 714 3303
1590 715 3288
1591 715 1274
1594 716 719
1595 717 3137
1596 717 718
1598 717 1313
1599 718 2181
1600 718 1539
1602 719 429
1604 720 3198
1606 720 266
1607 721 1617
1608 721 1880
1609 721 1333
1611 722 726
1613 723 1616
1614 723 1882
1615 723 1858
1617 724 725
1618 724 1889
1620 725 1887
1621 725 726
1626 727 3673
1627 727 382
1628 728 50
1629 729 1502
1630 730 910
1631 730 737
1632 730 3086
1633 731 2192
1634 731 476
1635 731 898
1636 732 2162
1637 732 3264
1638 732 904
1639 733 3260
1640 733 3262
1641 734 911
1642 734 2862
1643 735 2187
1644 735 731
1645 735 900
1646 736 3245
1647 736 3243
1648 737 3085
1649 737 2187
1650 737 3245
1652 738 1444
1653 738 1447
1654 739 970
1655 739 744
1656 739 1873
1657 740 744
1658 740 1872
1660 741 744
1662 741 546
1663 742 743
1665 743 542
1668 744 2214
1671 745 2396
1672 745 748
1673 745 335
1674 746 544
1675 747 1665
1676 747 1664
1677 747 1660
1678 747 1666
1679 748 912
1682 749 964
1683 749 967
1684 749 2396
1686 750 2926
1687 750 2931
1688 751 2199
1689 751 493
1690 752 3684
1691 752 2413
1693 753 142
1694 753 755
1696 754 2126
1697 754 1759
1698 755 1789
1701 755 939
1702 756 68
1703 756 1186
1704 757 2535
1705 757 2579
1706 758 3867
1707 759 764
1708 759 768
1709 759 769
1710 760 764
1711 760 155
1712 760 1304
1713 761 1282
1714 761 3857
1718 763 764
1722 765 1371
1723 766 768
1725 767 3721
1726 767 3718
1730 769 760
1732 770 771
1733 770 772
1734 770 773
1735 771 789
1739 772 785
1740 772 2088
1743 773 774
1744 774 2680
1745 774 788
1747 775 1170
1748 775 782
1751 777 2680
1752 777 778
1756 779 782
1757 779 780
1759 781 782
1764 783 784
1765 783 2092
1767 784 787
1769 785 787
1773 786 787
1781 789 2093
1783 790 791
1784 790 797
1785 791 792
1786 791 797
1788 792 794
1790 792 1609
1791 792 1653
1792 793 3703
1794 793 796
1796 794 797
1797 794 1609
1798 795 1682
1805 798 3063
1806 798 1721
1807 799 801
1808 799 803
1809 799 3222
1810 799 1579
1811 800 1978
1812 800 3216
1813 800 1149
1814 801 802
1816 801 3223
1817 801 2180
1818 802 803
1820 802 1534
1821 802 2731
1824 803 1581
1825 804 1046
1826 804 805
1827 804 3561
1829 805 806
1830 805 1045
1832 806 1576
1833 807 881
1834 807 2606
1835 808 1967
1836 808 3182
1837 808 2601
1838 809 3704
1839 810 3207
1840 810 1012
1841 811 3207
1842 811 2444
1843 811 3182
1844 811 1995
1845 812 2377
1846 812 1014
1847 812 1325
1848 813 3573
1849 813 3567
1850 814 105
1851 815 1762
1852 816 820
1853 817 2317
1854 817 819
1855 817 2302
1856 818 820
1857 819 2771
1860 820 2315
1863 821 2768
1864 821 2317
1865 821 2314
1866 822 2007
1868 823 483
1869 823 2709
1870 824 2311
1871 824 2308
1872 825 949
1873 825 3911
1874 825 827
1875 826 3869
1876 826 654
1877 827 1709
1878 827 108
1880 828 3869
1881 828 1589
1882 828 2676
1883 828 1164
1884 829 1956
1885 829 833
1886 829 418
1887 830 831
1888 830 3741
1889 830 2740
1891 831 3749
1892 831 1956
1893 832 2924
1894 832 2116
1896 834 2351
1897 834 3746
1898 834 2744
1899 835 2750
1900 835 2527
1901 836 2888
1902 836 3743
1903 836 1690
1904 837 3743
1905 837 2750
1906 837 2748
1907 838 839
1908 838 1126
1909 838 1127
1911 839 2464
1912 839 2919
1913 840 3043
1914 840 3031
1915 841 1135
1916 841 850
1917 841 1134
1918 842 2468
1919 842 2036
1920 842 849
1922 843 2560
1923 843 845
1924 843 2036
1925 844 2463
1926 844 972
1927 844 1131
1929 845 1402
1930 845 2467
1931 845 1132
1932 846 2160
1933 846 3055
1934 847 2462
1935 847 849
1936 847 3044
1937 848 1122
1938 848 1124
1939 848 3046
1940 849 3043
1943 850 1138
1944 850 2222
1946 851 1472
1947 851 3001
1948 851 2984
1949 852 851
1950 852 1469
1951 853 3286
1952 853 2546
1953 853 1104
1954 854 855
1955 854 2694
1956 855 858
1958 855 983
1959 856 858
1960 856 854
1961 857 858
1965 859 1344
1966 860 1788
1967 860 1560
1968 861 866
1969 862 865
1970 863 865
1971 863 872
1972 863 864
1974 865 866
1979 866 867
1981 868 870
1982 869 870
1983 869 2322
1985 870 871
1989 872 873
1990 872 1102
1992 874 1037
1993 874 1449
1995 875 874
1996 876 1797
1997 877 2346
1998 877 3746
1999 878 2902
2000 878 2752
2001 879 3511
2003 879 3512
2004 879 3513
2005 880 2607
2006 880 2610
2007 881 2901
2008 881 2903
2009 882 3613
2010 882 2607
2011 882 3615
2012 883 1627
2013 883 3613
2014 884 1962
2015 884 885
2016 885 1961
2017 885 887
2018 885 2478
2019 886 1070
2020 886 1543
2022 886 2076
2024 888 892
2025 889 890
2026 890 2929
2028 891 895
2029 891 894
2030 891 893
2031 892 890
2033 893 1442
2035 893 894
2037 894 3250
2039 895 1444
2040 895 899
2042 896 2921
2043 896 911
2044 896 3260
2045 897 899
2046 897 2852
2047 898 900
2049 898 2921
2052 899 3263
2053 900 911
2056 901 2801
2057 901 344
2058 902 903
2059 902 390
2060 903 1832
2061 903 906
2063 904 3256
2064 904 2173
2065 904 3255
2066 905 906
2067 905 1669
2070 906 912
2071 906 907
2072 907 745
2073 907 2450
2075 908 1832
2077 908 3099
2078 908 3108
2079 909 3248
2080 909 914
2081 909 2620
2083 910 1207
2084 910 3112
2088 911 3256
2091 912 913
2093 913 2857
2096 914 3254
2097 915 3249
2098 915 2152
2099 915 3251
2100 916 2897
2101 916 1615
2102 917 81
2103 917 2870
2104 918 919
2105 919 3776
2106 919 1061
2107 920 17
2108 920 2870
2109 921 1641
2110 922 921
2111 922 918
2112 923 3749
2113 924 2331
2114 924 2519
2115 924 2739
2116 925 927
2117 925 3939
2118 926 2519
2119 926 927
2120 926 2342
2123 927 1547
2124 928 929
2125 929 2517
2126 929 2114
2127 930 1698
2129 930 1693
2130 931 3327
2131 931 1694
2132 931 1695
2133 932 3330
2134 932 2099
2135 932 3327
2136 933 3329
2137 933 1693
2138 933 2105
2139 934 1555
2140 934 2130
2141 934 1461
2142 935 2913
2143 935 427
2144 936 2327
2145 936 1548
2146 937 944
2147 938 2421
2148 938 3699
2149 939 941
2150 939 3028
2152 940 1198
2153 940 944
2156 941 1198
2157 941 3029
2159 942 943
2160 942 2200
2161 943 1335
2163 943 1201
2167 944 3030
2168 945 946
2169 945 1952
2170 945 947
2171 946 948
2172 946 1951
2174 947 948
2175 947 1430
2179 948 1953
2182 949 954
2183 950 3904
2184 950 956
2185 951 2251
2186 951 2685
2187 952 3770
2189 953 2255
2191 955 30
2192 955 956
2193 956 3905
2196 957 2248
2197 957 3905
2198 957 139
2199 958 959
2200 959 3251
2202 959 1643
2203 959 1644
2204 960 1117
2205 960 1119
2206 960 961
2208 962 1765
2209 963 964
2214 965 966
2215 966 798
2217 967 963
2218 967 746
2219 968 336
2220 969 2225
2221 969 1661
2223 970 2225
2224 970 2212
2225 971 1125
2226 971 3061
2227 971 1124
2229 972 1129
2230 972 973
2231 973 2462
2232 973 1122
2234 974 1778
2235 974 1701
2236 974 975
2238 975 2455
2239 976 1701
2240 977 1840
2241 978 1844
2242 978 1438
2243 979 1842
2244 980 1400
2245 980 979
2246 981 980
2247 981 1132
2248 982 620
2249 982 3717
2251 983 626
2252 984 1206
2253 984 3847
2254 984 3861
2255 985 2535
2256 985 987
2257 985 2581
2258 986 2581
2259 986 2256
2261 987 2577
2262 988 994
2263 988 989
2264 989 992
2265 989 1999
2266 990 993
2267 990 994
2268 990 1492
2269 990 1494
2270 991 994
2271 991 1490
2273 991 1493
2274 992 994
2276 992 1490
2282 995 996
2284 997 1079
2286 997 998
2287 998 2080
2289 999 2775
2290 999 2774
2291 1000 2254
2292 1000 2080
2293 1001 31
2294 1001 2425
2295 1002 1079
2296 1002 3535
2297 1002 2080
2299 1003 2250
2300 1003 33
2301 1004 2424
2302 1004 608
2303 1005 2084
2304 1005 2313
2306 1006 3880
2307 1006 1569
2308 1006 683
2309 1007 2336
2310 1007 1556
2311 1008 461
2312 1008 1237
2313 1009 1010
2314 1009 1011
2316 1010 955
2319 1012 2674
2320 1012 3208
2321 1012 3209
2322 1013 2140
2323 1014 2138
2325 1014 2757
2326 1015 367
2327 1015 3628
2328 1016 2502
2329 1016 1019
2330 1016 2503
2331 1017 3582
2332 1017 3594
2333 1018 1019
2334 1018 1915
2335 1018 1913
2336 1018 1910
2338 1019 3594
2340 1020 1908
2342 1021 3118
2343 1021 3136
2344 1022 3141
2345 1022 1026
2347 1022 3126
2348 1023 1308
2349 1023 1303
2350 1023 3138
2351 1024 3138
2352 1024 37
2353 1025 3141
2354 1025 3125
2356 1026 1027
2358 1027 1028
2362 1029 1873
2363 1029 113
2364 1030 1457
2365 1030 1875
2366 1031 1875
2367 1032 1334
2368 1033 2425
2369 1033 1034
2370 1033 1035
2371 1034 1001
2373 1035 1034
2376 1036 3595
2379 1037 2713
2380 1037 585
2381 1038 2319
2382 1039 3145
2384 1039 3114
2385 1040 1146
2386 1040 1938
2387 1041 1501
2388 1041 1156
2389 1041 1499
2390 1042 1751
2391 1042 457
2392 1042 1599
2393 1043 3593
2394 1043 1045
2395 1043 1046
2396 1043 1148
2397 1044 1285
2399 1044 1535
2401 1045 1533
2402 1045 1151
2404 1046 3591
2406 1046 3560
2407 1047 3102
2408 1047 2188
2409 1048 2905
2410 1048 836
2411 1049 1964
2412 1049 395
2413 1050 1051
2414 1050 1053
2416 1051 3938
2417 1051 2742
2418 1052 2697
2419 1052 1543
2420 1052 1964
2422 1053 2905
2423 1054 1382
2424 1054 1374
2425 1055 1383
2426 1055 2352
2427 1056 339
2428 1057 3093
2429 1057 2622
2430 1058 1824
2431 1058 342
2432 1059 340
2433 1059 1058
2434 1060 3087
2435 1060 27
2436 1061 2195
2437 1062 1066
2438 1062 2806
2439 1062 2815
2440 1062 1499
2441 1063 2809
2442 1063 2807
2443 1063 2812
2444 1064 1066
2445 1065 1326
2446 1065 1987
2447 1065 2844
2448 1066 2803
2449 1066 2811
2453 1067 1068
2454 1067 2730
2455 1068 3572
2457 1068 2729
2458 1068 1153
2459 1069 1074
2461 1070 1962
2462 1070 1073
2463 1071 1073
2464 1071 2477
2465 1072 1073
2470 1074 2479
2471 1075 1958
2472 1075 808
2473 1076 3190
2474 1076 1960
2475 1076 141
2476 1077 1086
2477 1077 1318
2478 1077 1078
2482 1079 3532
2483 1080 2094
2484 1080 3894
2485 1080 2565
2486 1081 3884
2487 1082 3881
2488 1083 3353
2489 1083 2081
2490 1083 3349
2491 1084 1570
2492 1084 1006
2493 1085 1318
2494 1085 3882
2497 1087 1518
2498 1087 3412
2499 1088 3410
2500 1089 2430
2501 1089 1518
2502 1089 3406
2503 1090 1475
2504 1091 1092
2505 1092 2069
2507 1093 1616
2508 1093 1882
2509 1093 1617
2510 1094 1096
2511 1094 1619
2512 1094 1618
2515 1096 1619
2516 1096 1616
2518 1097 3202
2519 1097 281
2520 1098 1184
2522 1098 1099
2524 1100 2934
2525 1100 2930
2526 1101 1765
2529 1102 1765
2530 1103 1765
2532 1104 359
2534 1105 1744
2535 1105 1106
2536 1106 157
2539 1107 1868
2540 1107 3146
2541 1108 1039
2542 1108 3146
2543 1109 253
2544 1109 1884
2545 1110 3123
2546 1110 1884
2548 1111 3123
2549 1111 1112
2550 1112 148
2552 1113 1723
2553 1113 1713
2554 1113 3131
2556 1114 1716
2558 1115 1116
2559 1115 1332
2561 1116 285
2564 1117 1118
2567 1119 2333
2568 1119 1120
2570 1121 1129
2571 1121 1125
2572 1121 1122
2576 1123 3046
2577 1123 1157
2579 1124 1125
2583 1125 1128
2585 1126 1127
2586 1126 1128
2589 1127 1131
2593 1128 1129
2597 1130 2561
2598 1130 1131
2602 1132 2466
2604 1133 850
2605 1133 1134
2606 1134 2919
2609 1135 3062
2611 1135 1136
2613 1137 2552
2614 1137 2551
2615 1138 2220
2616 1138 3052
2617 1139 1140
2618 1139 1280
2619 1140 1527
2620 1140 1206
2621 1140 1509
2623 1141 1510
2624 1141 2723
2626 1142 3588
2627 1142 2011
2628 1142 3271
2629 1143 3590
2630 1143 1941
2631 1143 1538
2632 1144 3589
2633 1145 3589
2634 1145 1941
2635 1146 3592
2636 1146 1939
2637 1146 668
2638 1147 3592
2639 1147 1147
2642 1149 1396
2643 1149 3217
2644 1150 1151
2648 1152 3569
2649 1152 1943
2650 1153 3564
2653 1154 378
2654 1154 3571
2655 1155 3571
2656 1155 1590
2657 1155 1592
2659 1156 1745
2660 1156 1763
2661 1156 1500
2662 1157 3045
2663 1157 118
2664 1158 3091
2665 1158 2865
2666 1159 1754
2667 1160 3505
2668 1160 1658
2669 1160 1575
2670 1161 1412
2671 1161 1583
2672 1161 3507
2673 1162 2953
2674 1162 2941
2675 1163 1162
2676 1164 3871
2678 1164 1635
2679 1165 2676
2680 1165 1709
2681 1165 629
2682 1166 1167
2685 1167 1906
2688 1168 2590
2689 1168 174
2690 1169 2264
2693 1170 1171
2694 1171 1172
2696 1171 1173
2698 1172 124
2702 1174 1175
2703 1174 2417
2707 1176 1852
2708 1176 227
2709 1177 1178
2711 1177 1851
2713 1178 1805
2714 1178 1818
2715 1179 1804
2718 1180 1181
2719 1181 1182
2721 1181 1820
2724 1182 1764
2725 1183 1497
2726 1183 2413
2727 1183 53
2730 1184 1185
2731 1185 1497
2733 1186 2400
2734 1186 3759
2736 1187 1428
2738 1188 1193
2739 1188 1192
2740 1188 3695
2743 1189 1192
2744 1190 3691
2745 1191 3694
2746 1191 2574
2747 1191 45
2749 1192 3694
2753 1193 1194
2755 1195 1196
2758 1196 1798
2766 1200 1201
2769 1201 1202
2773 1203 1281
2775 1203 1907
2776 1204 516
2777 1204 1907
2778 1204 3714
2779 1205 1206
2780 1205 1422
2781 1205 2416
2786 1207 2192
2787 1207 1208
2789 1209 394
2790 1209 3925
2791 1210 3398
2792 1210 1235
2793 1210 3899
2794 1211 3401
2795 1211 3400
2796 1211 2394
2797 1212 2108
2798 1213 1214
2799 1213 2276
2802 1216 3311
2803 1216 1634
2804 1217 2634
2805 1217 1633
2806 1218 1900
2807 1219 1218
2808 1219 416
2809 1220 2363
2810 1220 1218
2811 1221 3292
2812 1222 3292
2813 1222 3295
2815 1223 3196
2816 1223 260
2817 1224 1225
2818 1224 2411
2819 1225 237
2820 1226 2419
2821 1226 2412
2822 1227 215
2823 1228 1230
2824 1228 1334
2825 1229 1542
2826 1229 3196
2827 1230 2411
2828 1230 144
2829 1231 3276
2830 1231 667
2831 1232 3276
2833 1233 3284
2834 1233 3596
2835 1234 1527
2837 1234 1528
2838 1235 3389
2840 1236 1237
2841 1236 1567
2842 1237 1514
2845 1237 3880
2846 1238 2235
2849 1239 1389
2850 1239 527
2851 1240 3577
2852 1240 479
2853 1241 2492
2854 1241 1242
2855 1242 205
2856 1243 116
2857 1243 3133
2858 1244 2495
2859 1244 1459
2860 1245 2543
2861 1245 149
2862 1246 117
2863 1247 1249
2865 1247 1471
2866 1248 1470
2867 1248 204
2870 1249 1468
2871 1250 1468
2874 1251 1252
2878 1253 283
2879 1253 1254
2881 1254 283
2882 1255 2163
2883 1255 246
2884 1256 2980
2885 1256 1257
2886 1257 2997
2889 1258 186
2890 1258 1259
2891 1259 143
2895 1260 1261
2899 1262 1263
2905 1264 1265
2906 1264 1266
2908 1266 178
2910 1267 3574
2911 1268 3765
2912 1268 3634
2913 1269 3633
2914 1269 1384
2915 1270 1269
2916 1270 1384
2917 1271 1010
2918 1272 3631
2919 1272 3632
2920 1273 1302
2921 1274 1803
2922 1274 1427
2923 1275 1487
2925 1275 2575
2926 1276 2573
2927 1276 1191
2928 1276 3694
2929 1277 217
2930 1278 1281
2931 1279 300
2932 1279 3937
2933 1280 1531
2934 1280 1563
2935 1281 2416
2937 1281 1422
2938 1282 2691
2940 1282 2688
2941 1283 90
2942 1283 1336
2943 1284 654
2944 1284 1296
2945 1285 3137
2947 1285 1354
2948 1286 2388
2949 1286 168
2950 1287 2140
2951 1288 2371
2952 1288 1482
2953 1289 3576
2955 1289 1291
2957 1290 1291
2958 1290 1300
2961 1291 1292
2962 1292 1630
2964 1292 1302
2965 1293 1630
2966 1293 1299
2967 1293 1298
2968 1294 1506
2969 1294 3866
2970 1295 1297
2971 1295 3866
2973 1296 1294
2974 1296 3865
2976 1297 1298
2977 1297 1300
2979 1298 3865
2982 1299 814
2983 1300 1630
2986 1301 1717
2987 1301 1630
2988 1302 1301
2990 1303 1310
2992 1303 1785
2994 1304 1305
2996 1305 3120
2997 1305 1306
3003 1308 1309
3004 1309 1023
3006 1310 1311
3010 1312 1313
3014 1314 1320
3015 1315 1317
3016 1316 1320
3017 1317 1320
3018 1317 1319
3023 1318 1319
3030 1321 1329
3031 1321 1387
3032 1322 1360
3033 1322 1329
3034 1323 1322
3035 1323 1373
3036 1324 3623
3037 1325 140
3038 1325 1385
3040 1326 1327
3041 1326 1328
3043 1327 1987
3044 1327 2848
3048 1329 2470
3049 1330 3191
3050 1330 1076
3051 1331 3191
3052 1332 114
3053 1332 2065
3054 1333 1618
3055 1333 1893
3059 1336 3847
3061 1336 1421
3062 1337 617
3063 1337 1343
3064 1338 522
3065 1338 1339
3066 1339 1337
3067 1339 3845
3068 1340 3848
3069 1341 3553
3070 1341 1505
3071 1342 3849
3072 1343 3844
3073 1343 3018
3074 1344 3273
3075 1344 3555
3076 1345 3280
3077 1345 3279
3078 1346 3268
3079 1346 1350
3080 1347 3115
3081 1347 3123
3082 1347 3154
3083 1348 3566
3084 1348 1346
3085 1349 1348
3086 1349 3266
3087 1350 3557
3088 1350 1349
3090 1351 3179
3091 1351 3127
3092 1352 3126
3093 1352 1351
3094 1353 3152
3095 1354 3140
3097 1354 1025
3098 1355 1368
3099 1355 2483
3100 1356 1596
3101 1356 1324
3102 1357 1596
3103 1357 1358
3104 1358 2
3105 1359 16
3106 1359 1360
3107 1360 1321
3108 1361 2849
3109 1361 15
3110 1362 526
3111 1362 1363
3112 1363 1386
3113 1363 1357
3114 1364 1386
3115 1364 1594
3116 1365 526
3117 1366 1367
3118 1367 1387
3119 1367 2847
3120 1368 1413
3121 1369 765
3122 1369 1659
3123 1370 3546
3124 1370 1372
3125 1371 2884
3126 1371 2898
3127 1372 916
3128 1372 3547
3129 1373 2443
3130 1373 1995
3132 1374 421
3133 1374 1839
3134 1375 2354
3135 1376 1700
3136 1376 1836
3137 1377 1375
3138 1377 1380
3139 1378 1380
3140 1378 1375
3141 1379 1376
3142 1379 2355
3143 1380 1379
3144 1381 1382
3145 1381 1374
3146 1382 1378
3147 1383 1381
3148 1384 2389
3149 1385 1365
3150 1385 1594
3151 1386 3620
3152 1387 1355
3153 1388 1391
3155 1389 3213
3156 1389 1388
3157 1390 354
3158 1391 1390
3159 1391 1366
3160 1392 1273
3161 1392 3766
3162 1393 3012
3163 1394 1980
3164 1394 712
3165 1395 458
3166 1396 3218
3167 1396 1394
3168 1397 2183
3169 1397 3230
3170 1398 3666
3171 1399 1411
3172 1399 2423
3173 1400 1401
3174 1400 189
3175 1401 981
3176 1401 2184
3177 1402 979
3179 1402 981
3180 1403 3551
3181 1403 3685
3182 1404 1474
3183 1404 3550
3184 1405 1406
3185 1405 1404
3186 1405 3680
3187 1406 1186
3188 1406 3680
3189 1407 2036
3190 1407 1408
3191 1408 231
3192 1409 1458
3193 1409 2493
3194 1410 490
3195 1411 78
3196 1411 2559
3199 1412 3506
3200 1413 1388
3201 1413 882
3202 1414 1971
3203 1414 531
3204 1415 523
3206 1416 2415
3207 1417 3203
3208 1417 61
3209 1418 1629
3210 1418 435
3211 1419 278
3212 1419 3172
3213 1420 1424
3214 1420 1338
3215 1421 3839
3216 1421 1420
3218 1422 3846
3219 1423 520
3220 1423 1421
3221 1424 1423
3222 1424 3856
3223 1425 1801
3225 1425 3289
3226 1426 1798
3228 1426 1425
3229 1427 65
3230 1427 3293
3232 1428 49
3233 1429 3707
3234 1429 1430
3237 1430 3706
3238 1431 356
3239 1431 3708
3240 1432 1435
3241 1432 1876
3242 1433 1434
3243 1434 1876
3244 1435 2907
3245 1435 2177
3246 1437 2146
3247 1438 2909
3248 1438 1436
3250 1439 2976
3251 1440 18
3252 1440 2872
3253 1441 1758
3254 1441 2871
3256 1442 1445
3257 1443 2853
3258 1443 1446
3261 1444 1442
3262 1445 2179
3263 1445 332
3264 1445 3250
3265 1446 1444
3266 1447 2853
3267 1447 1462
3268 1448 3735
3269 1449 487
3270 1450 1976
3271 1450 480
3272 1451 3019
3273 1451 3848
3274 1452 1154
3275 1452 1577
3276 1453 17
3277 1453 2872
3278 1454 1455
3279 1454 3156
3280 1455 3155
3281 1457 1878
3282 1457 1456
3283 1458 1242
3284 1458 1459
3285 1459 2495
3286 1459 2191
3287 1460 2596
3288 1460 3543
3290 1461 2110
3291 1462 2879
3292 1462 2881
3293 1463 54
3294 1464 1415
3295 1464 1228
3296 1465 2085
3297 1465 175
3298 1466 2085
3299 1467 437
3300 1467 273
3301 1468 1471
3305 1469 2987
3306 1469 1467
3310 1470 1471
3315 1472 2986
3317 1472 1469
3318 1473 1448
3319 1473 80
3320 1474 68
3321 1474 1792
3324 1475 3064
3325 1476 1475
3326 1477 3054
3327 1477 1476
3328 1478 1955
3329 1478 2293
3330 1478 1480
3331 1479 1954
3332 1479 2705
3333 1479 1481
3334 1480 1483
3335 1480 2710
3337 1481 2636
3339 1482 1498
3340 1482 1007
3342 1483 2711
3343 1483 2637
3344 1484 1485
3346 1484 1486
3347 1484 3690
3348 1485 2624
3350 1485 3692
3353 1486 1793
3357 1487 2719
3358 1488 1487
3360 1489 2343
3361 1489 3938
3362 1489 676
3363 1490 2000
3366 1491 1495
3367 1491 1494
3368 1491 2585
3370 1493 2658
3378 1495 1496
3380 1496 2585
3382 1497 754
3387 1499 1604
3388 1500 1501
3389 1500 1897
3393 1501 1897
3395 1502 2932
3396 1503 3863
3398 1503 1510
3399 1504 1503
3400 1504 3859
3402 1505 3552
3403 1505 1283
3404 1506 3864
3406 1506 1508
3407 1507 1505
3408 1507 3267
3409 1508 1511
3411 1509 1510
3412 1509 338
3414 1509 3862
3417 1510 2721
3418 1511 3867
3419 1511 3563
3420 1512 2690
3421 1512 2679
3422 1513 2690
3423 1514 2336
3425 1514 1515
3426 1515 1008
3428 1516 1947
3429 1516 1560
3430 1517 2013
3431 1517 1850
3435 1519 875
3436 1520 1521
3437 1520 1710
3438 1520 1711
3440 1521 1712
3441 1522 1710
3442 1522 1676
3444 1523 1524
3445 1523 1526
3446 1524 1675
3449 1525 1675
3450 1526 1675
3452 1526 1677
3455 1527 2722
3456 1528 129
3457 1529 1948
3458 1529 1559
3459 1530 1559
3460 1530 1278
3461 1531 1527
3462 1532 1541
3463 1532 248
3465 1533 1540
3466 1533 1598
3467 1534 2170
3469 1535 1598
3470 1535 1540
3471 1536 1535
3472 1536 2732
3473 1537 1942
3474 1537 2170
3475 1538 1532
3476 1538 1533
3477 1539 1536
3478 1539 2012
3480 1540 1532
3481 1541 1942
3482 1541 2012
3483 1542 1223
3484 1542 1227
3488 1543 1963
3489 1544 1055
3490 1544 1545
3491 1545 3940
3493 1545 2343
3494 1546 2356
3495 1546 924
3496 1546 1547
3498 1547 3940
3500 1548 2337
3501 1549 1550
3502 1550 646
3504 1551 922
3505 1552 3109
3508 1554 3161
3509 1554 3176
3511 1555 2367
3512 1555 2456
3513 1556 1557
3514 1556 347
3515 1557 2597
3516 1557 2369
3517 1558 3899
3518 1558 1571
3519 1559 1563
3520 1559 1278
3521 1560 1562
3522 1561 1849
3523 1562 3265
3524 1562 1561
3525 1563 1531
3526 1563 1528
3527 1564 1760
3528 1565 1760
3529 1566 4
3530 1567 1573
3531 1567 3877
3532 1568 3889
3533 1568 2567
3535 1569 3879
3536 1569 1570
3537 1570 3881
3539 1570 3878
3540 1571 1567
3541 1571 1235
3542 1572 1571
3543 1572 1568
3544 1572 3889
3545 1573 1572
3546 1573 1213
3547 1574 683
3548 1574 1569
3549 1575 3224
3550 1575 2165
3551 1575 1583
3553 1576 1985
3554 1576 3562
3555 1577 3559
3556 1577 1937
3558 1578 3561
3559 1578 1580
3561 1579 1751
3564 1580 3560
3565 1580 1577
3568 1581 1984
3569 1582 2149
3570 1582 3228
3571 1582 3298
3573 1583 2891
3574 1584 1642
3575 1584 2926
3576 1584 1898
3577 1585 3647
3578 1585 1828
3579 1586 1502
3580 1587 1588
3581 1588 921
3584 1589 373
3586 1590 1593
3587 1590 1592
3589 1591 1593
3591 1592 1593
3597 1594 1365
3598 1594 1363
3599 1595 1770
3600 1595 3617
3601 1596 3622
3602 1596 1324
3603 1597 1536
3604 1597 1534
3605 1598 1597
3606 1598 456
3607 1599 1601
3609 1599 1600
3610 1600 1602
3612 1600 1894
3613 1601 1894
3615 1601 1746
3617 1602 1603
3618 1602 1895
3620 1603 1745
3621 1603 1894
3623 1604 1763
3625 1605 1606
3626 1605 1982
3627 1605 2623
3629 1606 1896
3630 1606 1895
3631 1607 1608
3632 1607 3721
3633 1607 2725
3634 1608 1610
3636 1608 3844
3638 1609 1610
3640 1610 1647
3643 1611 2982
3644 1611 2977
3645 1612 2260
3646 1612 652
3647 1613 3872
3648 1614 360
3649 1614 2895
3650 1615 360
3651 1615 1614
3657 1617 1618
3663 1619 1857
3664 1620 363
3665 1621 1109
3666 1621 1455
3667 1621 1884
3668 1622 1713
3669 1622 3132
3670 1622 1716
3671 1623 3132
3672 1623 38
3673 1624 67
3674 1624 767
3675 1624 3721
3676 1625 2159
3677 1625 3089
3678 1625 3235
3679 1626 1216
3680 1627 2604
3681 1627 765
3682 1628 1707
3684 1628 3240
3685 1628 3065
3686 1629 1419
3687 1629 250
3694 1631 2506
3695 1632 1626
3696 1632 2364
3697 1633 416
3698 1633 2635
3699 1634 1217
3700 1635 2688
3701 1635 761
3703 1636 1635
3704 1636 1631
3705 1637 3071
3706 1637 3097
3707 1638 3097
3708 1639 3040
3709 1640 1641
3710 1641 2927
3713 1642 1642
3717 1645 2382
3718 1645 3603
3719 1646 1683
3720 1647 1653
3722 1647 1683
3723 1648 2670
3724 1648 3701
3725 1649 2669
3726 1649 1990
3727 1649 2670
3728 1650 1990
3729 1650 1989
3730 1651 1681
3731 1651 1653
3732 1651 1680
3733 1652 3705
3734 1652 1648
3738 1654 2310
3739 1654 486
3740 1655 2310
3741 1656 1704
3742 1657 1659
3745 1658 1389
3746 1659 1704
3749 1660 1663
3750 1660 1662
3751 1661 1667
3752 1661 1869
3755 1663 3005
3757 1664 1668
3758 1664 1667
3761 1666 2217
3762 1666 1667
3767 1669 2855
3768 1669 2858
3769 1670 1670
3772 1671 2533
3773 1672 1777
3774 1673 2227
3775 1673 1777
3776 1673 1778
3777 1674 1676
3781 1676 2667
3783 1677 2288
3785 1678 2538
3786 1679 3852
3787 1680 1682
3789 1680 1681
3794 1682 1683
3799 1684 3283
3800 1684 296
3801 1685 1686
3802 1685 3283
3803 1685 3290
3805 1687 3290
3806 1687 1566
3807 1688 2906
3808 1688 1048
3809 1689 3938
3810 1689 2888
3811 1689 2697
3812 1690 3737
3813 1690 1691
3814 1691 3743
3816 1692 3745
3817 1692 837
3819 1693 2106
3821 1694 3329
3823 1694 2104
3825 1695 3330
3826 1695 2096
3827 1696 1697
3828 1696 2105
3829 1696 2106
3830 1696 3325
3832 1697 2102
3833 1697 2104
3836 1698 2325
3837 1699 2368
3838 1699 1902
3839 1699 1901
3840 1700 1461
3841 1700 2457
3844 1701 1778
3845 1702 1777
3846 1703 2157
3847 1703 2086
3848 1704 3516
3850 1705 1706
3852 1705 1707
3853 1706 12
3858 1708 2526
3859 1708 2925
3862 1709 650
3867 1712 2703
3868 1712 2701
3869 1712 2704
3872 1713 1714
3873 1714 282
3875 1715 3133
3876 1715 1623
3879 1716 3133
3880 1717 1299
3881 1718 1719
3882 1718 341
3883 1719 2562
3884 1720 1721
3885 1720 2868
3886 1721 1059
3888 1722 3130
3889 1722 1723
3893 1724 361
3894 1724 600
3895 1725 88
3896 1725 80
3897 1726 1398
3898 1726 3665
3899 1727 1728
3900 1727 3656
3901 1729 1728
3902 1730 3757
3903 1731 1732
3904 1731 2571
3905 1731 1734
3906 1732 1733
3908 1732 3782
3909 1733 1734
3911 1733 3785
3914 1734 3793
3915 1735 1742
3916 1735 3813
3917 1735 3837
3918 1735 1741
3919 1736 1737
3920 1736 1741
3921 1736 3807
3922 1736 3800
3923 1737 1738
3925 1737 3790
3926 1737 3791
3928 1738 3794
3929 1738 1739
3930 1739 3716
3931 1739 3794
3933 1740 3716
3934 1740 67
3936 1741 3790
3939 1742 3786
3940 1742 3836
3941 1742 3790
3942 1743 3821
3945 1744 157
3948 1745 1763
3950 1746 1746
3952 1747 3064
3953 1747 2153
3954 1748 2761
3955 1748 1749
3956 1748 1756
3957 1749 2760
3958 1749 1750
3960 1750 2760
3962 1750 1756
3964 1751 1581
3965 1752 3090
3966 1752 1625
3967 1753 3247
3968 1753 1755
3969 1753 1754
3970 1754 1755
3974 1755 3090
3976 1756 2755
3979 1757 2885
3985 1760 1761
3993 1762 1989
3994 1762 2669
4000 1764 1820
4006 1766 1767
4007 1766 1800
4010 1768 2556
4011 1769 2423
4012 1769 3684
4013 1770 3643
4015 1771 2923
4016 1771 2933
4017 1772 1773
4018 1772 2850
4020 1773 1773
4022 1774 1775
4023 1775 3717
4028 1777 1778
4035 1779 34
4036 1780 1781
4039 1781 1782
4041 1781 1816
4043 1783 216
4044 1783 2982
4047 1786 3183
4048 1787 860
4049 1787 1788
4050 1788 3274
4053 1789 1791
4054 1790 1791
4056 1791 1792
4059 1792 1996
4061 1793 1277
4064 1794 3679
4065 1795 2202
4066 1795 1807
4067 1796 2204
4069 1796 1795
4070 1797 8
4073 1798 1801
4076 1799 1848
4078 1800 1799
4081 1801 1802
4082 1802 1803
4083 1802 3291
4084 1803 3295
4085 1803 326
4087 1804 1819
4088 1804 1818
4092 1806 1819
4093 1807 2125
4095 1808 3708
4096 1809 1811
4097 1809 3674
4098 1810 3675
4099 1810 1812
4100 1810 3674
4101 1811 3675
4102 1811 280
4104 1812 1813
4105 1812 3917
4106 1812 3918
4110 1814 1815
4115 1817 1852
4117 1818 1819
4125 1821 1822
4126 1821 1056
4127 1822 343
4128 1823 3101
4129 1823 2801
4130 1823 344
4131 1824 3041
4132 1824 3042
4133 1825 1826
4134 1825 829
4135 1826 1827
4136 1826 2741
4137 1827 1828
4138 1827 2117
4139 1828 1825
4140 1828 3651
4141 1829 1706
4143 1830 3929
4144 1830 2429
4145 1830 3936
4146 1831 1834
4147 1831 3099
4148 1831 1832
4152 1833 1834
4153 1833 2451
4156 1834 907
4157 1835 2917
4158 1835 3307
4159 1835 403
4160 1836 2471
4161 1837 1055
4162 1837 1839
4163 1838 1377
4164 1838 1836
4165 1839 2473
4166 1840 61
4167 1840 1843
4168 1841 1844
4169 1841 1434
4170 1842 119
4171 1842 1841
4172 1843 1841
4173 1843 2161
4174 1844 1845
4175 1845 1846
4176 1845 1843
4177 1846 2877
4178 1846 2878
4179 1847 1426
4180 1847 1798
4181 1848 1488
4182 1849 1850
4183 1849 2013
4184 1850 2010
4188 1852 1851
4191 1853 1852
4193 1854 197
4194 1854 1853
4195 1855 1856
4197 1856 3670
4199 1857 1859
4201 1857 1858
4203 1858 1859
4207 1859 3198
4208 1860 1861
4209 1861 1863
4210 1861 1862
4214 1863 1865
4215 1863 1864
4218 1865 2258
4219 1865 1866
4222 1867 1620
4224 1868 1867
4226 1869 336
4227 1869 1879
4228 1870 547
4229 1870 1872
4230 1871 1878
4231 1871 1875
4233 1872 1873
4237 1873 2224
4238 1874 1137
4239 1874 1877
4242 1875 2550
4243 1876 1871
4244 1877 1870
4245 1877 3002
4246 1878 63
4247 1878 1456
4248 1879 3007
4251 1880 1887
4252 1881 1882
4256 1883 147
4257 1883 2993
4260 1884 1883
4261 1885 249
4262 1885 1886
4264 1886 1893
4265 1886 3200
4267 1887 1889
4269 1888 3164
4270 1888 292
4273 1889 3170
4274 1890 345
4275 1890 3664
4276 1891 2008
4279 1892 3201
4281 1893 3156
4282 1893 1880
4286 1895 1896
4289 1896 1897
4296 1898 1898
4298 1900 3348
4299 1900 2324
4300 1901 1902
4301 1901 2347
4305 1902 2330
4306 1903 3158
4307 1904 1108
4308 1904 3146
4311 1905 2064
4312 1905 2019
4315 1906 2043
4317 1907 3840
4318 1908 1909
4320 1908 1913
4322 1909 1911
4323 1909 1914
4325 1910 1915
4326 1910 2502
4327 1911 1928
4329 1911 1929
4330 1912 1928
4331 1912 1920
4332 1912 1922
4333 1913 1914
4337 1914 1915
4342 1916 1927
4343 1917 1918
4345 1918 1920
4346 1918 1919
4350 1920 1921
4353 1922 1924
4354 1922 1923
4357 1924 1927
4358 1924 1925
4360 1926 1927
4361 1926 1928
4362 1926 1929
4369 1929 1931
4372 1930 1935
4373 1931 1933
4375 1931 1932
4377 1933 1935
4379 1933 1934
4383 1935 1936
4385 1937 1943
4386 1937 3269
4387 1938 3586
4388 1938 3558
4390 1939 1938
4391 1940 3587
4393 1940 1939
4395 1941 3588
4396 1941 1940
4397 1942 1538
4398 1942 1145
4399 1942 3589
4400 1943 1452
4401 1944 1537
4402 1945 1517
4403 1945 1947
4404 1946 2723
4405 1947 3756
4406 1948 3758
4408 1949 3719
4409 1950 1624
4410 1950 2196
4412 1951 1952
4415 1953 1951
4419 1955 2005
4420 1955 2133
4423 1956 1826
4424 1957 418
4425 1957 1956
4426 1958 3183
4428 1958 2524
4429 1959 141
4430 1959 1960
4432 1960 3185
4433 1960 1968
4435 1961 1993
4436 1961 1962
4438 1962 2445
4440 1963 395
4441 1963 1964
4445 1964 1965
4446 1965 1966
4447 1965 2697
4448 1966 2612
4449 1966 2889
4451 1967 1958
4452 1968 2477
4453 1968 3184
4454 1969 1970
4455 1969 675
4456 1970 1414
4457 1971 2482
4460 1972 1973
4461 1973 1986
4462 1973 1969
4463 1974 2443
4464 1974 2469
4465 1975 355
4466 1975 1972
4467 1976 3221
4468 1976 1975
4469 1977 1980
4470 1978 3223
4472 1978 1979
4473 1979 3222
4475 1979 1976
4476 1980 3011
4477 1980 1981
4478 1981 1396
4479 1981 1978
4480 1981 3223
4482 1982 2623
4483 1983 1984
4484 1983 455
4485 1984 1576
4486 1984 2731
4487 1985 1983
4488 1985 2729
4489 1986 2844
4490 1986 1366
4491 1987 3641
4494 1988 3643
4495 1988 3641
4496 1988 352
4500 1990 1991
4501 1991 3705
4505 1994 2601
4506 1994 3334
4507 1994 1967
4508 1994 3183
4511 1995 3208
4513 1996 1949
4514 1997 3921
4515 1997 1998
4517 1999 689
4518 1999 2000
4522 2000 2001
4523 2001 2586
4525 2001 2587
4526 2002 2003
4527 2002 2309
4528 2002 101
4530 2004 2007
4531 2005 2006
4534 2006 2007
4536 2006 2133
4540 2008 404
4542 2009 1944
4543 2010 2009
4544 2010 2011
4546 2011 2009
4547 2012 1945
4548 2013 700
4549 2014 2015
4550 2014 1779
4551 2015 2016
4552 2015 3284
4553 2016 3284
4554 2016 2017
4555 2017 194
4556 2018 1345
4557 2018 2017
4558 2019 2021
4559 2019 2020
4561 2020 2029
4562 2020 2022
4563 2020 2025
4565 2021 2023
4567 2021 2022
4569 2022 2028
4572 2023 2028
4573 2023 2024
4577 2025 2033
4579 2025 2026
4580 2025 2030
4582 2026 2028
4583 2026 2027
4584 2027 2031
4586 2027 2032
4590 2029 2591
4592 2029 2030
4594 2030 2592
4597 2031 610
4598 2032 2033
4599 2032 2034
4601 2033 2035
4603 2033 2593
4607 2035 2594
4608 2035 2595
4609 2035 2268
4613 2037 2038
4614 2037 2040
4615 2037 2064
4616 2038 2039
4617 2038 2064
4619 2039 2041
4621 2039 2064
4622 2040 2041
4624 2040 2053
4627 2041 2058
4628 2042 2060
4629 2043 2045
4630 2043 2060
4631 2043 2054
4633 2044 2061
4635 2045 2055
4636 2045 2061
4637 2046 2062
4638 2047 2055
4639 2047 2049
4640 2047 2062
4641 2047 2057
4642 2048 2063
4644 2049 2058
4645 2049 2063
4646 2050 2051
4647 2051 2063
4648 2051 2053
4650 2052 2053
4657 2055 2056
4661 2058 2059
4664 2060 2061
4668 2061 2062
4672 2062 2063
4683 2065 230
4684 2065 2066
4685 2066 1116
4686 2067 2995
4687 2067 115
4688 2068 114
4689 2069 202
4690 2069 2070
4691 2070 218
4692 2071 212
4693 2071 2996
4694 2072 276
4697 2073 2786
4699 2074 3383
4700 2074 2304
4701 2075 2284
4702 2075 3398
4703 2075 443
4704 2076 2079
4705 2076 2078
4706 2076 2077
4708 2077 1054
4715 2081 2254
4716 2081 2778
4717 2082 2282
4719 2082 2083
4720 2083 2250
4721 2083 2295
4722 2083 3393
4723 2083 2075
4724 2084 1003
4725 2084 2073
4728 2085 2074
4729 2086 3232
4730 2086 2156
4731 2087 3499
4732 2087 3497
4733 2087 3230
4734 2087 3217
4737 2088 2089
4739 2089 2090
4744 2090 2091
4745 2091 2092
4749 2092 2093
4755 2094 3884
4756 2094 2095
4757 2095 3883
4758 2095 2286
4759 2096 2102
4760 2096 2104
4762 2097 2098
4763 2097 2102
4764 2097 3331
4765 2097 2101
4767 2099 3331
4769 2099 2101
4770 2100 2101
4776 2102 2344
4778 2103 2439
4779 2103 3304
4782 2104 2105
4786 2105 2106
4794 2107 3726
4796 2108 3400
4797 2109 2356
4798 2110 2111
4799 2110 2472
4801 2112 2939
4802 2112 2936
4803 2113 2366
4804 2113 2516
4805 2114 2516
4806 2114 2366
4807 2115 2746
4808 2115 2751
4809 2116 2934
4810 2116 2930
4811 2117 892
4812 2117 2746
4813 2118 2497
4814 2119 407
4815 2119 2501
4816 2120 2498
4817 2120 2121
4818 2121 2957
4819 2122 2946
4820 2122 2124
4821 2123 2122
4822 2123 2949
4823 2124 2948
4824 2125 498
4825 2126 2127
4826 2126 2125
4827 2128 3678
4828 2128 2127
4829 2129 2940
4830 2129 2112
4831 2130 2364
4833 2130 2458
4834 2131 2458
4835 2132 2528
4836 2132 2944
4837 2132 2433
4839 2133 2705
4840 2133 1954
4841 2134 2520
4842 2134 3205
4843 2134 2139
4844 2135 2521
4845 2135 2520
4846 2135 2139
4847 2136 2137
4848 2136 2521
4849 2136 2140
4851 2137 2139
4852 2137 2138
4854 2138 2140
4863 2141 3305
4864 2142 3305
4865 2143 3066
4866 2143 2618
4867 2144 3038
4868 2144 2155
4869 2145 3069
4871 2145 3078
4872 2146 2878
4873 2147 3113
4874 2147 2177
4875 2148 1437
4876 2148 2168
4877 2149 2158
4878 2149 453
4879 2150 2193
4880 2150 334
4881 2151 477
4882 2151 3257
4883 2152 3254
4885 2152 2186
4887 2153 3065
4888 2153 3239
4890 2154 3248
4891 2154 2629
4892 2155 2178
4893 2155 3074
4894 2156 3497
4896 2156 2157
4897 2157 3498
4899 2157 3504
4900 2158 2166
4901 2158 3231
4902 2159 2195
4903 2159 2869
4904 2160 3237
4905 2160 2143
4906 2161 3762
4907 2162 3263
4909 2162 3258
4912 2163 2176
4914 2164 3063
4915 2164 2185
4917 2165 451
4918 2166 1582
4919 2166 3233
4920 2167 2168
4921 2167 1436
4922 2168 2908
4923 2168 2147
4924 2169 3240
4925 2169 2616
4926 2170 2181
4927 2171 2860
4928 2172 370
4929 2172 3039
4931 2173 3259
4932 2173 2162
4933 2174 3010
4934 2174 2183
4935 2175 1157
4936 2175 3058
4937 2176 1241
4938 2176 1977
4939 2177 2161
4940 2178 368
4941 2178 3048
4942 2179 2927
4943 2179 1441
4945 2180 2174
4948 2181 2180
4949 2182 2160
4950 2182 3229
4951 2183 3230
4952 2183 2158
4953 2184 2163
4955 2185 2215
4956 2186 3253
4957 2186 3650
4960 2187 2631
4961 2188 2192
4962 2188 476
4963 2189 2409
4964 2189 2877
4965 2190 3040
4966 2190 3033
4967 2191 1409
4968 2191 2628
4969 2191 3034
4972 2192 2187
4973 2193 3252
4974 2193 2151
4975 2194 3035
4976 2194 2460
4977 2195 447
4978 2195 3083
4979 2196 2197
4981 2197 2209
4982 2198 2201
4983 2198 507
4984 2199 1807
4987 2200 2201
4988 2201 2208
4989 2201 3698
4990 2201 2421
4993 2202 2199
4994 2203 3702
4995 2203 3704
4996 2204 2555
4998 2204 2202
4999 2205 3697
5000 2205 2452
5001 2206 1431
5002 2206 2210
5003 2207 3703
5004 2207 2203
5005 2208 2726
5006 2208 1953
5008 2209 2200
5009 2210 2204
5010 2210 2402
5012 2211 2213
5015 2212 2214
5016 2213 375
5017 2213 2220
5019 2214 2229
5020 2215 3053
5021 2215 2211
5022 2216 2226
5023 2216 2212
5025 2217 2219
5026 2218 2509
5027 2218 2224
5028 2219 2216
5029 2219 969
5030 2220 2222
5031 2220 1874
5032 2221 2466
5033 2221 980
5035 2222 2227
5036 2223 545
5037 2223 2211
5038 2224 1869
5039 2224 2225
5042 2225 2216
5043 2226 335
5044 2226 2396
5047 2227 975
5048 2228 408
5049 2228 2876
5050 2229 2223
5051 2229 741
5052 2230 609
5053 2230 3890
5054 2231 110
5055 2231 2235
5057 2232 2387
5059 2233 3911
5060 2233 2248
5061 2234 951
5062 2234 2280
5065 2235 2244
5066 2236 2706
5067 2236 2283
5068 2237 2294
5069 2237 2239
5071 2238 2260
5072 2239 2447
5073 2239 3874
5075 2240 2590
5076 2241 2243
5077 2241 3896
5078 2242 2281
5079 2243 2272
5080 2243 3900
5082 2244 2273
5083 2245 2237
5084 2245 2447
5085 2246 1085
5086 2246 2232
5087 2247 6
5089 2248 2292
5090 2249 2291
5091 2249 2539
5092 2250 2295
5095 2251 2262
5096 2251 1997
5097 2252 999
5098 2252 2794
5099 2253 2651
5100 2253 2267
5103 2254 2271
5104 2255 2589
5106 2255 2261
5107 2256 124
5108 2256 2257
5110 2257 2537
5111 2257 2249
5113 2258 2582
5114 2259 615
5115 2259 2255
5116 2260 2237
5117 2260 591
5119 2261 2269
5120 2262 2234
5121 2262 2240
5122 2263 3907
5123 2263 2241
5125 2264 2708
5126 2265 2647
5127 2265 2297
5128 2266 2290
5129 2266 2563
5130 2267 2652
5131 2267 2288
5133 2268 2424
5134 2269 2684
5135 2269 651
5136 2270 2777
5137 2271 2270
5138 2271 2778
5139 2272 3886
5140 2272 2263
5142 2273 2238
5143 2274 1955
5144 2275 2283
5145 2275 2707
5146 2276 351
5147 2276 2246
5148 2277 2320
5149 2277 584
5150 2278 2276
5151 2278 1572
5152 2279 3889
5153 2279 2278
5155 2280 2245
5157 2281 1449
5158 2281 3943
5161 2282 2250
5162 2283 2706
5163 2283 172
5166 2284 2569
5167 2285 2714
5168 2285 2712
5169 2286 2230
5170 2287 2302
5171 2287 2317
5172 2288 646
5173 2288 2264
5174 2289 2268
5176 2290 659
5177 2290 3903
5178 2291 638
5179 2291 3920
5180 2292 3910
5181 2292 2266
5182 2293 2766
5183 2293 2762
5184 2294 1612
5185 2294 3909
5186 2295 2303
5187 2295 2284
5188 2296 1168
5189 2296 2707
5190 2296 2275
5191 2297 2648
5192 2297 2514
5193 2298 2316
5194 2298 607
5195 2299 2301
5196 2299 817
5197 2300 485
5198 2301 2300
5199 2301 2788
5200 2302 1004
5201 2302 1005
5202 2303 1003
5203 2303 2304
5204 2304 2084
5205 2304 2313
5206 2305 2645
5207 2305 876
5208 2306 101
5209 2306 2309
5211 2307 2305
5212 2308 486
5213 2308 2310
5215 2309 2312
5218 2310 2318
5221 2311 2765
5224 2312 2320
5226 2313 1004
5227 2314 610
5228 2314 2287
5230 2315 2789
5231 2316 2314
5232 2316 2768
5235 2317 2301
5236 2318 2727
5238 2318 2316
5239 2319 2306
5240 2319 2641
5241 2320 2308
5242 2320 2311
5243 2321 3414
5244 2321 2340
5246 2322 3481
5247 2323 426
5248 2323 3315
5250 2324 2458
5251 2324 2363
5253 2325 401
5254 2326 3009
5255 2326 2964
5256 2327 2329
5257 2327 2431
5258 2328 2361
5259 2329 2341
5260 2329 2332
5262 2330 2358
5264 2331 2356
5265 2332 3740
5266 2332 2331
5269 2333 869
5270 2334 2970
5271 2334 2326
5272 2335 2347
5273 2335 2354
5276 2336 2371
5277 2337 2328
5278 2337 2965
5279 2338 1556
5280 2338 2336
5281 2339 466
5282 2339 164
5283 2340 2350
5284 2340 3340
5285 2341 936
5286 2341 2738
5287 2342 2114
5288 2342 2517
5290 2343 2353
5294 2344 3333
5295 2345 409
5296 2345 425
5297 2346 3744
5298 2346 1688
5299 2347 2330
5301 2348 357
5302 2348 2961
5303 2349 2348
5304 2350 412
5305 2351 1692
5306 2351 2632
5307 2352 2343
5308 2353 2346
5309 2353 3472
5310 2354 389
5311 2354 2325
5312 2355 2362
5315 2356 877
5316 2357 2349
5317 2357 2129
5318 2358 1376
5319 2358 2355
5320 2359 3601
5321 2359 2365
5322 2360 167
5323 2360 2321
5324 2361 1548
5325 2361 2327
5326 2362 2352
5327 2362 1383
5328 2363 1632
5331 2364 2367
5332 2365 2323
5333 2365 2370
5334 2366 2120
5335 2367 935
5337 2367 2368
5339 2368 2335
5340 2369 1286
5341 2369 2596
5343 2371 1515
5344 2371 2374
5345 2372 2598
5346 2372 3636
5348 2373 3927
5349 2373 3914
5350 2374 2380
5351 2374 2333
5354 2375 2388
5357 2376 2430
5359 2377 2375
5362 2378 2381
5363 2379 2384
5364 2379 3913
5365 2380 1288
5366 2380 2390
5368 2381 2391
5369 2381 3402
5370 2382 2915
5371 2383 2914
5372 2383 406
5373 2384 158
5374 2385 2379
5375 2385 414
5376 2386 461
5377 2386 2374
5378 2387 2369
5379 2387 2597
5380 2388 2387
5381 2388 128
5382 2389 1325
5383 2389 2377
5385 2390 3929
5386 2390 3928
5387 2391 2394
5388 2391 3408
5391 2392 2376
5392 2393 2912
5393 2393 3731
5394 2393 3733
5396 2395 417
5397 2395 2399
5398 2395 3108
5400 2396 2450
5402 2397 481
5403 2397 901
5404 2398 3103
5405 2398 2397
5407 2399 3108
5408 2399 2398
5410 2400 3682
5411 2400 1403
5412 2400 1996
5413 2401 1463
5414 2401 2422
5415 2402 1796
5417 2403 3760
5418 2404 2413
5419 2405 3681
5420 2405 2400
5421 2406 3661
5422 2407 2418
5423 2407 2410
5425 2408 1464
5426 2409 3761
5427 2410 2414
5428 2411 1225
5429 2411 2412
5430 2412 1228
5431 2412 2419
5436 2414 3674
5437 2415 2409
5438 2415 2408
5440 2416 1139
5441 2417 2401
5442 2418 2410
5443 2418 201
5444 2419 1415
5445 2420 3684
5446 2420 2405
5447 2421 3698
5449 2421 2205
5450 2422 57
5451 2423 2420
5452 2424 2287
5453 2424 2031
5454 2425 3357
5457 2426 2427
5461 2428 393
5462 2428 2429
5467 2431 2432
5468 2432 2434
5469 2433 2431
5470 2433 2329
5471 2434 2433
5472 2434 2944
5473 2435 3421
5474 2436 3423
5475 2437 2438
5477 2438 3314
5479 2439 409
5481 2440 2523
5482 2440 3187
5483 2441 3495
5484 2442 3495
5485 2442 2887
5488 2443 2444
5490 2444 2469
5492 2444 3190
5493 2445 2446
5494 2445 2605
5499 2448 3096
5500 2448 3091
5501 2448 3069
5502 2449 1637
5503 2449 3096
5505 2450 1833
5508 2451 3606
5509 2452 3710
5510 2452 2206
5511 2453 1769
5512 2453 2454
5514 2455 2221
5520 2459 2461
5521 2459 3303
5522 2459 3227
5523 2460 3036
5524 2460 2175
5525 2460 3301
5526 2461 3299
5528 2461 3037
5531 2462 2463
5532 2463 2468
5534 2463 1130
5535 2464 2467
5537 2464 2465
5538 2465 2455
5539 2465 2918
5540 2466 2465
5541 2466 2467
5544 2467 2560
5547 2468 847
5549 2469 3181
5550 2470 2479
5552 2470 1974
5553 2471 2472
5554 2471 679
5555 2472 2972
5556 2473 2474
5557 2473 2481
5558 2474 1071
5559 2475 2476
5560 2475 391
5561 2476 1838
5562 2477 2478
5563 2477 1961
5564 2478 0
5565 2478 1074
5566 2479 2613
5567 2479 880
5568 2480 2481
5569 2480 1368
5570 2481 529
5571 2482 2476
5572 2482 2483
5573 2483 2608
5574 2484 2485
5575 2485 2886
5576 2486 2485
5577 2486 2487
5578 2487 2488
5579 2487 2529
5580 2488 1825
5581 2490 2491
5582 2491 2531
5583 2491 2484
5584 2492 1458
5585 2492 2493
5586 2493 1407
5587 2494 2191
5588 2494 2495
5589 2495 1977
5590 2496 2121
5591 2497 163
5592 2497 2496
5593 2498 2500
5594 2498 928
5595 2499 162
5596 2500 165
5597 2500 928
5598 2501 407
5601 2502 2503
5602 2503 3628
5605 2504 92
5606 2505 2506
5607 2505 1589
5608 2506 2507
5609 2507 109
5610 2507 3912
5611 2508 2505
5612 2509 1029
5613 2510 2512
5614 2510 2511
5617 2512 2696
5618 2513 145
5619 2514 2513
5620 2514 2253
5621 2515 2349
5622 2515 2129
5623 2516 2518
5624 2516 936
5625 2517 925
5626 2518 2342
5627 2518 3520
5632 2520 2521
5636 2522 2385
5637 2523 3339
5638 2523 420
5639 2523 2522
5640 2524 1959
5641 2524 3186
5642 2525 1075
5643 2525 2524
5644 2526 2527
5645 2526 3751
5646 2527 2632
5647 2527 1692
5648 2528 834
5649 2528 3740
5651 2529 2489
5652 2530 2531
5653 2530 2484
5654 2531 918
5655 2532 2490
5656 2533 1137
5660 2536 2580
5661 2536 986
5664 2537 2536
5666 2538 2537
5667 2539 641
5668 2539 2538
5669 2541 2540
5670 2542 3118
5672 2542 2543
5673 2543 3135
5674 2543 2544
5675 2544 3143
5676 2544 3779
5677 2545 3148
5678 2545 3147
5680 2546 2545
5681 2547 3117
5682 2547 2548
5683 2548 146
5684 2548 3151
5685 2549 3120
5687 2549 2542
5688 2550 1874
5689 2550 2222
5690 2551 2550
5691 2551 1030
5692 2553 2551
5693 2554 611
5694 2554 633
5695 2555 3679
5697 2555 495
5698 2556 79
5699 2556 2557
5700 2557 2453
5702 2558 1183
5703 2559 1726
5704 2560 2561
5705 2560 2468
5708 2561 2464
5709 2562 549
5710 2563 3908
5711 2563 3887
5712 2564 2094
5713 2565 3891
5714 2565 3906
5715 2566 1465
5716 2567 3876
5717 2567 3901
5718 2568 2290
5719 2569 443
5720 2569 3897
5721 2570 1558
5723 2572 2574
5725 2572 3690
5726 2573 325
5728 2574 3691
5729 2574 2573
5730 2575 1847
5732 2576 96
5734 2578 2584
5735 2578 2661
5736 2579 599
5737 2580 2579
5738 2580 2535
5741 2581 2580
5742 2582 2256
5743 2582 2581
5744 2583 2582
5745 2583 123
5748 2584 2583
5751 2585 2659
5755 2589 615
5757 2590 2296
5763 2596 2599
5764 2596 1994
5765 2597 2338
5766 2597 1574
5767 2597 3882
5768 2598 1364
5769 2599 347
5770 2599 1557
5771 2600 1460
5772 2601 3180
5774 2602 2386
5775 2602 32
5776 2603 1369
5777 2603 2609
5778 2604 1369
5779 2604 2603
5780 2605 1963
5781 2606 2609
5782 2606 1369
5785 2607 2613
5786 2608 2470
5787 2609 2610
5788 2609 2607
5789 2610 807
5790 2610 2611
5791 2611 2605
5792 2611 884
5794 2613 2608
5795 2613 2480
5796 2614 2615
5797 2614 3247
5798 2615 3247
5799 2615 3225
5800 2616 3241
5801 2617 1582
5802 2617 3298
5803 2618 846
5804 2618 2145
5805 2619 1829
5806 2619 2486
5807 2620 1061
5809 2620 3083
5810 2621 372
5811 2621 3098
5812 2622 2867
5813 2623 2729
5815 2623 1983
5817 2625 3687
5818 2626 209
5819 2626 1800
5820 2627 72
5821 2628 3034
5822 2628 2194
5823 2629 2193
5824 2630 477
5825 2630 3246
5826 2631 2150
5827 2631 3245
5828 2632 1708
5829 2632 2744
5830 2633 832
5832 2634 3440
5833 2634 2635
5834 2635 3344
5835 2636 2637
5839 2638 823
5840 2639 2640
5841 2639 1519
5843 2640 483
5844 2641 2644
5845 2642 2643
5846 2642 2319
5847 2643 2644
5848 2643 2641
5849 2644 2541
5850 2645 558
5851 2645 7
5852 2646 876
5854 2647 2653
5855 2648 2649
5856 2648 2654
5857 2649 2514
5858 2649 2656
5859 2650 2703
5860 2650 2651
5862 2651 2704
5863 2651 2652
5864 2652 1522
5865 2653 2648
5866 2653 2654
5867 2654 1899
5868 2655 2649
5869 2655 2656
5870 2656 2650
5871 2657 636
5872 2657 2658
5874 2658 1496
5876 2660 94
5878 2661 2802
5880 2662 2664
5881 2662 536
5882 2663 2662
5884 2664 3539
5885 2664 3850
5886 2665 2668
5887 2665 2504
5890 2666 3167
5891 2667 1038
5892 2668 93
5893 2668 3021
5896 2669 3700
5899 2670 3700
5900 2671 1358
5901 2671 1356
5902 2672 3639
5903 2673 2733
5904 2673 3624
5905 2674 3206
5907 2674 2718
5908 2675 2674
5909 2675 3206
5912 2676 2508
5913 2677 2678
5914 2677 3912
5915 2678 605
5916 2679 602
5919 2680 2681
5921 2682 2259
5922 2683 651
5923 2683 2684
5924 2684 2685
5925 2684 2251
5926 2685 649
5927 2686 2694
5928 2687 982
5929 2688 1636
5930 2688 2692
5932 2689 2687
5938 2691 2692
5939 2692 2693
5940 2692 2689
5943 2693 1636
5944 2694 2664
5946 2695 3714
5947 2695 3718
5948 2695 519
5949 2696 547
5954 2698 2655
5955 2698 2699
5957 2699 2701
5958 2700 2702
5960 2701 2702
5963 2702 2703
5967 2703 2704
5973 2705 1478
5974 2706 589
5975 2706 2277
5976 2707 2708
5978 2707 1550
5979 2708 2236
5981 2709 2639
5984 2710 2711
5988 2712 2242
5990 2713 2710
5991 2714 569
5992 2714 2715
5993 2715 2242
5994 2715 3943
5997 2716 2717
5998 2717 570
5999 2718 3205
6000 2718 3193
6001 2719 2722
6002 2719 1234
6003 2720 2719
6004 2720 1275
6005 2721 2720
6006 2721 1946
6007 2722 2721
6008 2722 1509
6010 2723 3755
6011 2724 3782
6012 2725 66
6014 2726 2198
6015 2726 1652
6016 2726 3705
6018 2728 2600
6019 2728 3192
6022 2729 2730
6025 2730 1770
6028 2731 1597
6029 2732 1285
6030 2732 3137
6032 2733 2735
6033 2733 2734
6034 2734 1267
6036 2735 3533
6038 2735 2736
6040 2737 2740
6041 2737 2751
6042 2738 3470
6043 2738 2518
6044 2739 3471
6045 2739 2341
6048 2740 2741
6049 2741 2737
6052 2743 2951
6053 2743 1708
6054 2744 2951
6056 2745 3651
6058 2746 1827
6059 2747 2753
6060 2747 3747
6061 2748 2747
6062 2748 2753
6064 2749 2754
6065 2749 2750
6069 2751 3750
6070 2751 3739
6073 2753 2754
6079 2756 2757
6080 2757 2759
6083 2759 2758
6084 2759 3206
6087 2760 2761
6090 2761 3204
6091 2762 2763
6092 2762 2285
6093 2763 2764
6094 2763 2766
6095 2764 2765
6096 2764 824
6097 2765 2762
6098 2765 2274
6099 2766 2769
6100 2767 2764
6101 2767 2274
6103 2768 2315
6104 2769 2773
6105 2769 2770
6106 2770 2772
6107 2770 2307
6109 2771 2787
6110 2772 2788
6111 2772 3528
6112 2773 2795
6113 2773 685
6114 2774 2776
6115 2774 2270
6116 2775 2799
6117 2775 2776
6118 2776 2783
6119 2777 2781
6120 2777 691
6121 2778 2780
6122 2778 2784
6123 2779 2780
6124 2780 2781
6125 2780 2082
6126 2781 2782
6127 2781 2282
6128 2782 2785
6129 2783 2271
6130 2783 1000
6131 2784 2779
6132 2784 2791
6133 2784 3320
6134 2785 691
6135 2785 2786
6136 2786 2252
6137 2786 2793
6138 2787 2790
6139 2787 2299
6140 2788 2789
6141 2788 821
6142 2789 2770
6143 2789 2790
6144 2790 2767
6145 2791 2798
6146 2792 2791
6147 2792 2779
6148 2793 2794
6149 2793 2771
6150 2794 2787
6152 2795 2796
6153 2795 999
6155 2796 2775
6156 2797 2792
6157 2797 2779
6158 2798 1035
6159 2799 2783
6160 2799 998
6161 2800 557
6162 2800 2716
6164 2801 3112
6165 2801 481
6166 2802 361
6167 2802 593
6168 2803 2826
6170 2803 2804
6171 2803 2820
6172 2804 2830
6174 2804 2828
6175 2805 2827
6176 2805 2842
6177 2805 2832
6180 2806 2808
6183 2807 2808
6187 2808 2810
6188 2809 2811
6190 2809 2810
6193 2810 2811
6197 2812 2813
6198 2812 2814
6202 2815 2819
6204 2815 3642
6205 2816 2821
6206 2816 2817
6207 2816 2819
6208 2816 2820
6210 2818 2819
6214 2819 2820
6219 2821 2837
6220 2821 2823
6221 2821 2836
6222 2822 2838
6223 2822 2824
6224 2822 2840
6225 2823 2835
6227 2823 2826
6229 2824 2827
6230 2824 2833
6231 2825 2843
6233 2826 2828
6237 2827 2831
6238 2828 2829
6241 2829 2831
6243 2829 2830
6246 2830 2832
6249 2831 2832
6250 2831 2833
6255 2833 2835
6257 2834 2838
6258 2834 2837
6259 2834 2835
6263 2836 2837
6264 2836 2839
6271 2838 2839
6274 2839 2840
6275 2840 2841
6281 2842 2843
6288 2845 259
6289 2845 43
6290 2846 1361
6291 2847 2846
6292 2847 2848
6293 2848 2849
6295 2849 15
6296 2849 3616
6297 2849 2672
6299 2850 440
6300 2851 2398
6301 2851 26
6302 2852 3736
6303 2853 1462
6304 2854 2861
6306 2855 2859
6307 2856 2857
6308 2856 2855
6309 2857 905
6310 2858 902
6311 2858 2859
6312 2859 733
6313 2860 897
6314 2860 2861
6315 2861 2532
6316 2862 28
6317 2863 22
6318 2863 1060
6319 2864 3776
6320 2864 2863
6321 2865 2866
6322 2865 1752
6323 2866 11
6324 2867 1158
6325 2868 2867
6326 2868 2866
6327 2869 3082
6328 2869 11
6329 2870 543
6330 2871 19
6331 2871 20
6332 2872 3645
6333 2873 18
6334 2873 2874
6335 2874 1588
6336 2875 3006
6337 2875 2876
6339 2876 2217
6340 2877 2911
6341 2878 2189
6342 2879 2882
6343 2881 2882
6344 2881 1586
6345 2882 2883
6346 2883 1586
6347 2883 2880
6348 2884 3014
6349 2884 2529
6350 2885 1412
6351 2885 2886
6352 2886 448
6353 2887 1453
6355 2888 2905
6357 2889 3748
6358 2889 1957
6359 2890 1370
6360 2890 878
6361 2891 2896
6362 2891 2894
6363 2892 2897
6364 2893 374
6365 2893 2895
6366 2894 1614
6367 2894 2892
6368 2895 374
6369 2895 2894
6370 2896 2892
6371 2896 1757
6372 2897 2898
6373 2897 1757
6374 2898 1372
6375 2898 2890
6376 2899 1370
6377 2899 3546
6378 2900 2899
6379 2900 2902
6381 2901 2606
6382 2901 3514
6383 2902 2903
6384 2902 2901
6385 2903 161
6386 2903 2904
6387 2904 2889
6388 2904 1049
6391 2905 2906
6392 2906 2353
6393 2906 1489
6394 2907 2147
6395 2907 2908
6396 2908 1437
6397 2909 2167
6398 2909 2910
6399 2910 1433
6400 2911 179
6401 2911 977
6402 2912 406
6403 2912 2914
6404 2913 2367
6405 2913 3312
6406 2914 3608
6407 2914 2915
6408 2915 403
6409 2915 2917
6411 2916 2913
6412 2916 3597
6414 2917 2916
6415 2918 132
6416 2918 2919
6420 2920 2921
6421 2920 2922
6422 2920 3107
6427 2922 3260
6428 2923 3752
6429 2923 3753
6430 2924 2925
6431 2924 2526
6432 2925 2633
6435 2926 2928
6436 2927 2931
6437 2927 2926
6438 2928 2929
6439 2928 1585
6440 2929 2933
6441 2929 2923
6443 2930 3754
6444 2930 2924
6445 2931 1445
6446 2931 738
6447 2932 2928
6448 2932 750
6449 2933 2932
6450 2933 2880
6452 2934 3738
6453 2935 2937
6454 2935 2958
6455 2936 2941
6456 2936 2953
6457 2937 2939
6458 2937 2936
6459 2938 2935
6460 2939 2938
6461 2939 2357
6462 2940 2515
6463 2941 2942
6464 2942 2112
6465 2942 2940
6466 2943 1163
6467 2943 2118
6468 2944 2123
6470 2945 2950
6471 2945 2947
6472 2945 2743
6473 2946 2743
6474 2946 2945
6476 2948 2132
6477 2948 2123
6478 2949 2950
6481 2950 2122
6482 2951 2952
6483 2952 2124
6484 2952 2946
6485 2953 2954
6486 2953 2956
6487 2954 1163
6488 2954 2118
6489 2955 1504
6490 2955 3859
6491 2956 2958
6492 2956 2937
6493 2957 465
6494 2957 2958
6495 2958 2954
6498 2959 2967
6499 2959 2960
6500 2960 357
6501 2961 2334
6502 2961 2962
6503 2963 2969
6504 2963 2964
6505 2964 2328
6506 2965 3009
6507 2965 2966
6508 2966 358
6509 2967 468
6510 2967 2968
6511 2968 2966
6512 2969 2326
6513 2969 2970
6514 2970 2962
6515 2971 2324
6516 2971 2972
6517 2972 2119
6519 2973 2974
6521 2974 2975
6522 2975 1725
6524 2976 1611
6525 2977 2978
6526 2978 2845
6527 2978 2979
6528 2979 1254
6529 2979 2998
6530 2980 220
6531 2980 2981
6532 2981 176
6533 2981 179
6534 2982 216
6535 2982 2977
6536 2983 3779
6537 2983 3129
6538 2984 3134
6541 2985 3000
6542 2986 2987
6543 2986 228
6544 2987 2988
6545 2987 265
6546 2988 1467
6547 2988 2985
6550 2989 2994
6551 2990 852
6552 2990 2993
6553 2991 2990
6554 2991 430
6557 2992 2989
6558 2993 3001
6559 2994 2991
6560 2994 1885
6561 2995 2068
6562 2996 2072
6563 2996 2997
6566 2997 2980
6569 2998 2995
6570 2999 3000
6571 2999 1092
6572 3000 1092
6575 3001 2984
6577 3002 3003
6578 3003 743
6579 3004 913
6580 3005 2228
6582 3006 408
6583 3007 1663
6584 3008 112
6585 3009 2968
6586 3009 468
6587 3010 1981
6588 3010 3011
6589 3011 1395
6590 3012 3219
6591 3012 3013
6592 3013 1397
6593 3014 3015
6594 3014 1551
6595 3015 3016
6596 3016 1551
6597 3016 2887
6598 3017 3020
6599 3017 3022
6600 3018 640
6601 3018 3019
6602 3019 672
6603 3020 632
6604 3021 1762
6605 3022 3020
6606 3022 3021
6607 3023 2207
6608 3023 3024
6609 3023 3703
6610 3024 3022
6611 3025 3224
6612 3025 3026
6614 3027 303
6615 3027 3297
6617 3028 3697
6618 3028 3029
6621 3029 3030
6623 3030 3698
6625 3031 3032
6626 3031 1409
6627 3032 1409
6628 3033 342
6629 3034 3035
6632 3035 3301
6633 3036 3037
6634 3036 2459
6635 3037 2175
6636 3037 3300
6637 3038 3039
6638 3038 370
6639 3039 2155
6640 3039 3072
6643 3040 3049
6644 3041 3042
6645 3041 3080
6647 3042 3081
6650 3043 3032
6651 3044 118
6652 3044 3043
6653 3045 3044
6654 3045 2462
6657 3046 3045
6658 3047 368
6659 3047 3060
6660 3048 3047
6661 3048 2164
6662 3049 3033
6663 3049 3093
6664 3050 3062
6665 3051 3050
6666 3051 446
6667 3052 375
6668 3052 3050
6669 3053 545
6670 3054 916
6671 3054 1476
6672 3055 2182
6673 3055 2617
6674 3056 2621
6675 3056 3068
6677 3057 3038
6678 3057 3056
6679 3058 2144
6680 3058 3057
6681 3059 3058
6682 3059 1123
6683 3060 3059
6684 3060 3046
6687 3061 3060
6690 3062 3061
6693 3063 3053
6696 3064 3065
6699 3065 3238
6700 3066 3067
6701 3066 2169
6702 3067 2618
6703 3067 3069
6705 3068 3055
6707 3069 3079
6709 3070 3097
6710 3070 3071
6711 3071 2172
6712 3071 3072
6713 3072 3074
6714 3072 3040
6715 3073 3075
6716 3073 2178
6717 3074 3073
6718 3074 2190
6719 3075 3048
6720 3075 3076
6721 3076 3077
6722 3076 3063
6724 3078 3098
6725 3078 3079
6726 3079 3070
6727 3080 3081
6728 3080 3073
6729 3081 3075
6730 3082 1829
6731 3083 3084
6732 3083 3244
6733 3084 447
6734 3084 3085
6736 3085 3086
6738 3086 3087
6740 3087 3100
6741 3088 2159
6742 3088 3242
6743 3089 3088
6744 3089 3236
6747 3090 3235
6750 3091 3090
6751 3092 2622
6752 3092 3091
6753 3093 3092
6754 3093 2449
6755 3094 3095
6758 3095 549
6761 3096 3092
6764 3097 3096
6765 3098 2172
6766 3098 3070
6768 3099 3106
6770 3100 27
6771 3100 3101
6772 3101 3112
6773 3102 2851
6774 3102 3107
6775 3103 3104
6776 3104 2397
6777 3104 3109
6778 3105 1821
6779 3105 3094
6781 3106 3103
6784 3107 417
6787 3108 3106
6789 3109 3105
6790 3110 2922
6791 3111 2395
6794 3112 1047
6795 3113 2167
6796 3113 2910
6797 3113 119
6798 3114 111
6799 3114 3144
6800 3115 1353
6801 3115 3153
6802 3116 1112
6803 3116 3124
6804 3117 3119
6805 3117 1744
6808 3119 2548
6809 3119 3150
6812 3120 3118
6813 3121 3114
6814 3121 181
6815 3122 1353
6816 3122 3124
6819 3124 3115
6820 3124 1111
6821 3125 2544
6822 3125 3142
6824 3126 3179
6826 3127 1246
6827 3128 1472
6828 3128 3134
6829 3129 3128
6830 3129 2986
6833 3130 3129
6836 3131 3130
6839 3132 3131
6841 3133 3132
6843 3134 1245
6844 3135 3136
6845 3135 3125
6847 3136 1024
6848 3136 3138
6851 3137 331
6854 3138 3139
6855 3139 1044
6858 3140 3141
6861 3141 3142
6862 3142 3143
6863 3142 3126
6864 3143 2983
6865 3143 1352
6866 3144 3149
6867 3144 369
6870 3145 3144
6872 3146 3145
6874 3147 3117
6875 3148 2547
6876 3148 3147
6877 3149 369
6878 3149 3148
6879 3150 3151
6880 3150 3120
6881 3151 3152
6882 3151 2549
6883 3152 146
6884 3152 3153
6885 3153 3121
6886 3153 3154
6889 3154 1903
6890 3155 3157
6891 3155 1620
6893 3156 434
6894 3157 432
6895 3158 1621
6896 3159 3162
6897 3159 3175
6898 3160 1554
6899 3160 3161
6902 3161 3174
6903 3162 84
6904 3162 3167
6905 3163 1553
6906 3164 436
6907 3164 3173
6909 3165 3171
6913 3166 3165
6914 3167 3168
6915 3167 1868
6916 3168 3169
6917 3168 120
6918 3169 439
6919 3169 3170
6920 3170 1888
6921 3170 3166
6922 3171 278
6923 3172 224
6924 3172 3178
6925 3173 3177
6926 3173 3163
6927 3174 3159
6928 3174 3175
6929 3175 74
6930 3176 135
6931 3176 3174
6932 3177 3176
6933 3177 3163
6936 3178 3173
6939 3179 3127
6940 3180 2728
6941 3181 0
6942 3181 3191
6945 3182 3180
6947 3183 3186
6949 3184 2475
6951 3185 3184
6952 3186 3187
6953 3186 2523
6954 3187 1959
6955 3187 3185
6956 3188 2525
6957 3188 3182
6958 3189 3188
6960 3190 3189
6963 3191 3190
6965 3192 810
6966 3192 3207
6967 3193 2600
6968 3194 1629
6971 3195 3194
6973 3196 3195
6975 3197 242
6976 3197 3199
6979 3198 3200
6982 3199 3198
6985 3200 1332
6986 3201 1418
6988 3202 1892
6989 3203 1416
6990 3204 3210
6994 3205 3193
6997 3206 3205
7000 3207 3208
7003 3208 3204
7004 3209 3210
7005 3209 2671
7006 3210 2671
7008 3211 3212
7009 3212 2494
7011 3213 1575
7012 3214 3215
7013 3214 3213
7014 3215 1450
7015 3215 3216
7018 3216 3217
7021 3217 3218
7022 3218 3013
7023 3218 3219
7024 3219 1394
7025 3219 3211
7026 3220 1975
7027 3220 1972
7028 3221 3220
7029 3221 1579
7032 3222 3221
7035 3223 3222
7037 3224 2165
7038 3224 1703
7039 3225 3067
7041 3226 1393
7043 3227 2149
7044 3227 3302
7045 3228 3227
7046 3228 2461
7047 3229 3237
7048 3229 374
7051 3230 3231
7052 3231 3232
7053 3231 2156
7054 3232 2166
7055 3232 3234
7056 3233 3234
7057 3233 2182
7058 3234 3229
7059 3235 3089
7060 3235 3236
7061 3236 2614
7062 3237 3239
7063 3237 452
7064 3238 3066
7065 3238 3240
7066 3239 2143
7067 3239 3238
7070 3240 2616
7071 3241 3088
7072 3241 3242
7073 3242 3082
7074 3243 3084
7075 3244 2154
7076 3244 3248
7079 3245 3243
7080 3246 2631
7081 3246 735
7084 3247 3225
7087 3248 2629
7088 3249 2151
7091 3250 3251
7094 3251 3249
7095 3252 2152
7096 3252 3254
7098 3253 3649
7100 3254 3253
7103 3255 2630
7106 3256 3255
7107 3257 2173
7108 3257 3259
7109 3258 2171
7111 3259 3263
7114 3260 3261
7115 3261 734
7116 3262 3261
7117 3262 2862
7120 3263 3258
7122 3264 3256
7123 3265 859
7124 3265 3274
7125 3266 3267
7126 3266 1341
7127 3267 1348
7128 3267 3578
7129 3268 3269
7130 3268 444
7131 3269 1350
7132 3269 3556
7134 3270 3271
7135 3270 3587
7138 3271 3272
7139 3272 1561
7142 3273 3554
7143 3274 859
7144 3274 3273
7145 3275 478
7146 3275 3276
7148 3276 3270
7150 3277 5
7151 3278 1684
7152 3278 3283
7153 3279 1779
7155 3280 3279
7158 3281 3712
7159 3281 3280
7160 3282 296
7161 3282 3281
7164 3283 3282
7167 3284 3285
7168 3285 1104
7169 3285 3286
7171 3286 3277
7173 3287 3288
7175 3288 2626
7176 3288 3289
7177 3289 1274
7178 3289 1802
7181 3290 1566
7184 3291 3290
7187 3292 3294
7188 3293 65
7190 3293 64
7191 3294 3293
7192 3295 1427
7193 3295 3294
7195 3296 728
7197 3297 2625
7199 3298 3228
7200 3298 3299
7203 3299 3300
7204 3300 2175
7205 3300 473
7206 3301 3036
7207 3301 3303
7208 3302 2149
7209 3302 3226
7212 3303 3302
7213 3304 3305
7215 3304 3307
7217 3305 3306
7224 3308 3309
7225 3308 3419
7226 3308 3423
7228 3309 3310
7229 3309 3311
7230 3310 426
7232 3311 3310
7234 3312 392
7235 3312 3313
7237 3314 3316
7238 3314 3446
7240 3315 3324
7241 3315 1634
7244 3316 3439
7246 3317 3318
7247 3317 3448
7250 3318 3324
7252 3320 3322
7253 3320 3321
7255 3322 2798
7256 3322 3323
7257 3323 3385
7258 3323 3388
7261 3324 3447
7263 3325 2344
7265 3326 3328
7268 3327 3328
7270 3328 3329
7276 3330 3331
7281 3332 3333
7282 3332 3332
7284 3333 2440
7286 3334 3339
7287 3334 3335
7290 3335 3337
7291 3335 3336
7292 3336 3337
7293 3336 3338
7296 3337 3338
7299 3338 3339
7304 3340 3342
7305 3340 419
7306 3341 3455
7307 3341 3343
7308 3341 3457
7310 3342 3343
7311 3342 3464
7313 3343 3344
7316 3344 2340
7317 3345 1219
7318 3345 3346
7320 3346 3347
7324 3347 3348
7325 3348 2339
7328 3349 3350
7329 3350 3351
7331 3350 3352
7334 3353 3362
7336 3353 3359
7337 3353 3363
7338 3354 3355
7340 3355 3359
7341 3355 3358
7343 3356 3358
7344 3356 3357
7346 3357 3362
7353 3359 3360
7355 3361 3367
7356 3361 3369
7357 3361 3362
7361 3363 3367
7363 3363 3364
7364 3363 3365
7367 3366 3367
7370 3367 3368
7374 3370 3371
7376 3371 3894
7377 3371 3373
7378 3372 3893
7379 3372 3373
7382 3373 3374
7383 3374 3378
7384 3374 3380
7386 3375 3376
7387 3375 3380
7388 3375 3382
7390 3377 3382
7391 3378 3372
7393 3379 3380
7395 3380 3381
7401 3382 3383
7405 3384 411
7406 3384 3399
7408 3385 3387
7409 3385 3386
7411 3386 3388
7412 3386 3387
7414 3387 3388
7419 3389 3391
7420 3389 160
7421 3390 3391
7424 3391 3392
7426 3392 3393
7428 3393 3395
7431 3394 3395
7433 3395 3396
7436 3397 3398
7440 3399 3401
7441 3399 3400
7446 3401 3384
7448 3402 3404
7451 3403 3404
7452 3403 3408
7453 3403 3407
7456 3404 3405
7457 3405 3406
7459 3405 3407
7460 3406 399
7462 3407 3408
7468 3409 3410
7470 3410 3412
7472 3411 3412
7476 3412 3413
7478 3414 3345
7479 3414 3415
7481 3416 3421
7482 3416 3419
7483 3416 3417
7484 3416 3420
7486 3418 3419
7490 3419 3423
7494 3421 3422
7496 3423 3424
7501 3425 2350
7502 3425 3426
7503 3426 3427
7504 3426 3437
7507 3427 3428
7508 3427 3433
7509 3428 3429
7511 3428 3437
7512 3429 3430
7514 3429 3431
7516 3431 3432
7518 3432 3433
7520 3432 3435
7523 3433 3434
7525 3435 3435
7528 3436 3437
7532 3438 3439
7533 3439 3441
7535 3439 3443
7538 3440 3441
7542 3441 3444
7543 3442 3448
7544 3442 3445
7545 3442 3444
7546 3443 3444
7547 3443 3445
7552 3445 3446
7555 3446 3447
7560 3447 3448
7564 3449 3457
7565 3449 3450
7566 3449 3454
7567 3450 3459
7568 3450 3455
7570 3450 3454
7571 3451 3452
7572 3451 3468
7573 3451 3461
7574 3452 3467
7575 3452 3460
7577 3453 3454
7581 3455 3460
7584 3456 3457
7588 3458 3459
7589 3459 3468
7591 3459 3460
7596 3461 3466
7597 3461 3469
7599 3461 3468
7600 3462 3463
7601 3462 3464
7602 3462 3466
7604 3464 3467
7607 3465 3466
7609 3466 3467
7620 3470 3471
7625 3472 1546
7626 3472 3475
7627 3473 3475
7629 3473 3474
7630 3474 3475
7636 3476 3477
7638 3477 3480
7639 3477 3479
7640 3478 3479
7642 3479 3480
7645 3480 3481
7651 3482 3483
7653 3483 3484
7655 3483 3485
7658 3486 1772
7659 3486 3488
7660 3487 3488
7663 3488 3493
7664 3489 3494
7666 3490 3491
7667 3490 3493
7670 3491 3492
7671 3491 3494
7672 3492 3493
7674 3492 3494
7683 3495 3496
7687 3497 3498
7693 3499 3500
7695 3501 3503
7696 3502 3503
7697 3503 3504
7701 3504 2165
7703 3505 3507
7704 3505 3506
7705 3506 1658
7707 3507 3509
7710 3508 3509
7712 3509 3510
7716 3511 3513
7717 3511 3512
7721 3513 3514
7726 3514 3515
7728 3516 2890
7729 3516 3517
7731 3518 1288
7732 3518 3519
7734 3520 3522
7735 3520 2519
7736 3521 3522
7739 3522 3525
7740 3523 3525
7741 3523 3527
7742 3523 3526
7743 3524 3526
7746 3525 3526
7751 3528 2300
7752 3528 3531
7753 3529 3531
7754 3530 2772
7755 3530 3531
7762 3533 3534
7765 3535 3537
7766 3535 3536
7767 3536 3537
7768 3536 3538
7772 3537 3538
7776 3539 2665
7777 3539 3540
7779 3541 3870
7780 3541 826
7781 3542 3870
7782 3542 3542
7784 3543 1286
7785 3543 3544
7787 3545 2620
7788 3545 21
7789 3546 3547
7790 3546 2442
7791 3547 3054
7792 3547 3015
7793 3548 3549
7794 3548 2402
7796 3550 3711
7797 3550 3686
7798 3551 1404
7799 3551 3686
7800 3552 2955
7801 3552 3838
7804 3553 3552
7805 3554 3266
7806 3554 3553
7807 3555 1349
7808 3555 3554
7809 3556 3557
7810 3556 3275
7811 3557 3555
7812 3557 478
7813 3558 1937
7814 3558 3556
7815 3559 3558
7816 3559 1040
7817 3559 3591
7820 3560 3559
7823 3561 3560
7824 3562 1578
7825 3562 3561
7826 3563 1507
7827 3563 3578
7830 3564 3572
7831 3565 1985
7832 3566 3567
7833 3566 1240
7834 3567 1346
7835 3567 3579
7837 3568 3569
7840 3569 3584
7841 3569 3585
7842 3570 1452
7843 3570 3571
7846 3571 3564
7849 3572 3565
7852 3573 3579
7853 3574 813
7854 3574 3573
7855 3575 1273
7858 3576 3575
7861 3577 3576
7862 3578 3566
7863 3578 3577
7864 3579 3268
7865 3579 3568
7866 3580 1017
7867 3581 3580
7868 3581 3594
7869 3582 377
7870 3583 3769
7871 3583 3625
7874 3584 3585
7875 3585 3570
7876 3585 1943
7877 3586 3275
7878 3586 3558
7880 3587 3586
7883 3588 3587
7887 3589 3588
7889 3590 1538
7890 3591 1040
7891 3591 3592
7894 3592 3593
7897 3593 3590
7900 3594 3582
7905 3597 3598
7907 3597 3604
7908 3598 3599
7910 3598 3602
7913 3599 3601
7914 3600 2365
7915 3600 3601
7917 3601 1645
7922 3605 3606
7926 3607 3612
7927 3607 3608
7930 3609 2378
7931 3609 3611
7932 3610 2912
7933 3610 3612
7935 3612 3609
7939 3613 3615
7940 3614 883
7941 3614 3613
7942 3615 2603
7943 3616 15
7944 3616 3617
7945 3617 3628
7946 3618 3621
7947 3619 1357
7948 3619 3618
7949 3620 3619
7950 3620 3621
7951 3621 1359
7952 3622 3618
7953 3622 3623
7954 3623 1323
7955 3624 1268
7956 3624 2734
7957 3625 3644
7958 3625 2673
7959 3626 3625
7960 3626 3580
7961 3627 3626
7962 3627 3581
7965 3628 3627
7966 3629 1269
7967 3629 3633
7968 3630 3637
7969 3631 3768
7970 3632 3629
7971 3632 126
7972 3633 3630
7973 3634 1392
7974 3635 3632
7975 3635 3630
7976 3636 140
7977 3636 2389
7978 3637 3638
7979 3637 3636
7980 3638 2372
7981 3639 1988
7982 3639 3641
7983 3640 1982
7986 3641 3642
7989 3642 3640
7991 3643 530
7993 3644 3584
7995 3645 3646
7996 3646 2488
7998 3648 1443
7999 3648 1446
8000 3649 3650
8001 3649 2179
8004 3650 2179
8005 3651 3778
8007 3652 703
8008 3652 3653
8010 3654 1729
8011 3654 346
8012 3655 88
8013 3656 3663
8014 3656 3662
8015 3657 3660
8016 3657 3659
8017 3658 1410
8018 3658 3660
8019 3659 2403
8020 3660 1410
8021 3660 3659
8022 3661 3662
8023 3661 3657
8024 3662 3658
8025 3663 2406
8026 3664 3654
8027 3665 3666
8028 3665 1727
8029 3666 1473
8032 3667 3668
8033 3668 263
8034 3669 383
8035 3669 3670
8037 3670 3672
8040 3671 206
8042 3672 3671
8044 3673 3667
8046 3674 3675
8050 3675 3676
8052 3676 3677
8053 3677 280
8054 3678 751
8055 3678 1794
8057 3679 1808
8058 3680 1768
8061 3681 3682
8064 3682 3683
8065 3683 1403
8066 3683 3685
8069 3684 3681
8070 3685 3686
8073 3686 1404
8074 3687 3
8075 3687 3689
8077 3688 3692
8078 3688 2572
8079 3689 3688
8080 3689 3692
8082 3690 3691
8086 3691 2573
8089 3692 3690
8090 3693 3
8093 3694 3695
8096 3695 3696
8099 3696 3693
8102 3697 3710
8105 3698 3697
8106 3699 2208
8108 3700 3701
8109 3701 3024
8110 3702 2198
8113 3703 3704
8116 3704 3702
8119 3705 2670
8121 3706 3699
8123 3707 356
8124 3707 3706
8125 3708 3707
8128 3709 2417
8129 3710 3711
8130 3710 753
8131 3711 2206
8132 3711 3548
8136 3713 756
8139 3714 3715
8142 3715 3716
8145 3716 67
8148 3717 3854
8150 3718 3722
8151 3718 3720
8152 3719 1950
8153 3720 1337
8154 3720 3844
8157 3721 3722
8159 3722 3720
8160 3723 3724
8161 3723 3713
8162 3724 3713
8164 3725 3733
8165 3725 3729
8167 3726 3732
8168 3726 3730
8169 3727 3731
8170 3728 3733
8172 3729 3730
8173 3729 3732
8174 3730 3732
8177 3731 2392
8185 3734 58
8186 3734 2406
8187 3736 3648
8188 3737 923
8189 3737 3742
8190 3738 1771
8191 3739 830
8192 3739 3741
8195 3741 923
8196 3741 3742
8197 3742 3747
8198 3742 1691
8200 3743 3745
8202 3744 2351
8203 3744 3746
8204 3745 3744
8205 3745 1688
8207 3746 3740
8209 3747 3739
8210 3747 3750
8211 3748 3749
8212 3748 2888
8215 3749 1957
8216 3750 835
8217 3750 3751
8218 3751 2115
8219 3751 3754
8220 3752 1100
8221 3752 3738
8222 3753 2115
8223 3753 3754
8224 3754 3752
8227 3755 1787
8228 3755 1944
8229 3756 2720
8230 3756 1948
8231 3757 1530
8232 3757 1946
8233 3758 3780
8234 3758 2196
8235 3759 1768
8236 3759 1398
8237 3760 1224
8238 3760 710
8239 3761 2408
8240 3761 60
8241 3762 1400
8242 3762 2184
8243 3763 3575
8244 3763 349
8245 3764 350
8246 3764 655
8247 3765 349
8248 3765 1273
8249 3766 1717
8250 3766 2678
8251 3767 1267
8252 3767 1268
8253 3768 3635
8254 3768 3638
8255 3769 3634
8256 3769 3624
8257 3770 126
8258 3770 1270
8259 3771 2259
8260 3771 657
8261 3772 604
8262 3772 3771
8263 3773 590
8264 3773 630
8265 3774 3773
8266 3774 2682
8267 3775 606
8268 3775 2663
8269 3776 22
8270 3777 1271
8271 3777 1272
8272 3778 2873
8273 3778 2530
8274 3779 1245
8275 3779 3128
8276 3780 1950
8277 3780 3724
8278 3780 3723
8279 3781 3782
8283 3783 3788
8284 3783 3784
8285 3783 3793
8286 3784 3789
8287 3784 3785
8291 3785 3786
8293 3786 3789
8294 3786 3787
8296 3787 3788
8297 3787 3790
8301 3788 3789
8309 3791 3792
8311 3791 3795
8312 3792 3793
8314 3792 3798
8315 3792 3796
8321 3794 3795
8322 3795 3796
8326 3796 3797
8330 3799 3807
8332 3800 3801
8333 3800 3802
8334 3801 3802
8335 3801 3809
8338 3802 3804
8340 3803 3804
8343 3804 3805
8344 3805 3806
8345 3805 3807
8351 3808 3809
8353 3809 3813
8355 3810 3811
8357 3811 3837
8358 3811 3814
8359 3811 3833
8360 3812 3827
8361 3812 3814
8362 3812 3826
8363 3812 3830
8366 3813 3827
8369 3814 3816
8370 3814 3815
8373 3817 3821
8374 3817 3836
8375 3817 3833
8376 3817 3818
8379 3818 3819
8380 3819 3820
8386 3821 3823
8387 3822 3823
8390 3823 3824
8392 3825 3831
8393 3826 3831
8395 3826 3828
8398 3827 3828
8400 3828 3829
8406 3831 3832
8410 3833 3835
8411 3833 3834
8416 3836 3837
8420 3838 1283
8421 3838 3847
8422 3839 3846
8423 3839 1205
8424 3840 1338
8425 3840 3841
8426 3841 1204
8427 3841 3845
8428 3842 3856
8430 3843 3858
8433 3844 3018
8434 3845 3720
8435 3845 2695
8436 3845 3714
8437 3846 1420
8438 3846 3840
8441 3847 3839
8443 3848 3849
8445 3849 3850
8448 3850 3851
8449 3851 856
8450 3851 3852
8452 3852 3853
8453 3853 3854
8454 3853 624
8455 3854 87
8456 3854 3855
8459 3855 3842
8460 3856 3857
8461 3856 1282
8462 3857 1423
8463 3857 3843
8464 3858 3563
8465 3858 1
8466 3858 3871
8469 3859 3863
8470 3860 3838
8473 3861 3860
8475 3862 3861
8478 3863 1510
8481 3864 3867
8484 3865 3866
8487 3866 3864
8490 3867 3563
8491 3868 102
8494 3869 3868
8497 3870 3869
8500 3871 3870
8501 3872 107
8502 3873 104
8503 3873 3911
8504 3874 2286
8505 3875 2564
8506 3875 3884
8507 3876 3888
8508 3876 3902
8509 3877 1084
8510 3877 3880
8511 3878 1573
8513 3879 3881
8516 3880 2338
8519 3881 3878
8520 3882 1574
8521 3882 3879
8522 3883 3874
8523 3883 2294
8525 3884 3883
8527 3885 3907
8528 3885 3875
8529 3886 3887
8530 3886 2568
8531 3887 2263
8532 3887 3885
8533 3888 3902
8534 3888 3886
8536 3889 3876
8538 3890 3893
8539 3890 2289
8540 3891 3895
8541 3891 442
8542 3892 2570
8543 3892 3899
8544 3893 609
8545 3893 3894
8547 3894 3891
8549 3895 442
8550 3895 3896
8551 3896 3897
8552 3896 2566
8553 3897 2243
8554 3897 3898
8555 3898 3900
8556 3898 3892
8559 3899 1571
8560 3900 3901
8561 3900 2570
8562 3901 2272
8563 3901 3888
8564 3902 3903
8565 3902 2568
8566 3903 3904
8567 3903 2279
8568 3904 659
8569 3904 3905
8572 3905 3872
8573 3906 2241
8574 3906 3895
8575 3907 3906
8576 3907 2564
8577 3908 3885
8578 3908 3875
8579 3909 2266
8580 3909 3908
8581 3910 3909
8582 3910 1612
8584 3911 3910
8586 3912 1512
8587 3913 2393
8588 3913 3914
8589 3914 2379
8593 3915 3916
8599 3919 2262
8601 3920 3919
8603 3921 3922
8604 3922 638
8605 3923 1479
8606 3924 159
8607 3924 3925
8608 3925 159
8610 3926 3927
8612 3926 3935
8615 3927 3935
8616 3928 2373
8617 3928 3931
8620 3929 3931
8621 3930 3935
8622 3931 3932
8638 3939 1544
8639 3939 3940
8643 3941 2646
8644 3942 3944
8645 3942 3945
8646 3943 3942
8647 3944 3945
8648 3944 1037
8650 3945 2713
